200
0   252 137 519 136 200 451 386 366 341 247 389 461 215 174 326 367 443 461 249 8   418 345 476 321 288 516 492 440 231 241 456 408 372 366 414 61  430 467 433 341 345 502 458 197 246 305 471 407 449 365 220 327 481 464 189 548 433 438 104 195 122 488 380 430 311 365 516 405 512 127 418 472 486 134 292 322 422 100 229 324 536 47  141 381 413 402 208 158 334 304 97  92  297 370 14  171 239 208 546 57  514 109 86  205 141 196 350 308 150 97  292 357 376 349 272 371 560 320 292 193 469 368 447 280 143 75  319 241 304 345 498 340 192 340 521 481 422 268 475 177 542 347 397 407 343 268 423 66  391 416 127 366 162 453 275 279 252 274 242 18  150 84  378 242 355 247 204 254 116 298 419 230 221 212 261 159 208 486 556 205 352 202 114 171 316 273 149 230 411 27  362 418 287 276 376 317 234 85  211
252 0   174 302 153 163 199 142 118 303 131 243 275 241 238 176 114 217 215 128 245 197 202 283 186 271 265 240 270 163 174 267 179 127 233 184 192 177 256 181 232 223 251 214 98  76  195 269 178 231 254 165 174 249 260 77  311 228 248 152 239 165 242 256 236 276 183 264 177 266 249 214 262 276 172 150 77  220 260 55  244 289 242 203 273 168 260 71  293 301 145 168 234 311 216 258 166 215 99  303 201 265 144 177 124 326 194 162 286 220 255 284 155 230 182 155 120 320 210 213 148 217 187 195 258 182 276 312 146 131 322 253 344 225 216 290 237 224 151 222 205 309 95  190 246 184 151 176 237 269 164 196 156 259 290 191 166 19  25  281 257 225 228 151 281 183 272 206 28  174 249 200 49  111 121 12  143 243 250 319 183 158 155 165 84  119 189 237 29  179 242 157 184 271 188 155 229 228 169 237
137 174 0   475 23  225 358 280 266 390 116 386 438 99  249 316 281 391 353 242 134 295 341 343 185 342 432 406 305 94  261 431 290 268 368 358 111 339 427 341 204 208 399 387 83  211 168 340 289 403 380 82  193 423 335 153 486 397 411 113 85  158 414 389 299 359 340 427 351 438 74  382 433 357 4   282 252 387 91  183 351 461 99  205 398 341 265 171 119 385 287 52  69  366 234 133 204 282 89  477 124 436 102 60  205 155 63  221 361 222 87  350 319 240 216 137 277 494 330 316 210 384 344 349 330 11  117 381 246 177 401 426 409 74  203 465 410 293 133 382 233 483 260 271 397 330 267 349 171 402 325 189 242 87  316 293 282 164 186 317 129 225 67  324 317 335 316 74  191 22  337 372 132 211 83  178 176 95  368 494 69  319 65  149 97  193 291 232 166 354 112 237 302 341 292 256 181 107 77  94 
519 302 475 0   452 333 207 278 263 319 419 173 88  541 407 204 223 85  271 273 510 347 197 435 443 337 162 170 460 458 300 85  322 275 197 119 458 203 52  210 489 475 243 124 400 274 464 414 323 71  222 462 423 67  403 334 75  86  95  416 540 400 125 204 408 317 158 184 124 117 548 100 47  402 472 233 226 97  554 296 266 123 525 403 224 154 483 314 594 323 218 458 528 377 446 529 360 331 400 100 461 135 415 463 316 621 495 385 333 409 550 348 162 460 415 435 242 93  236 273 334 170 155 228 330 483 563 355 286 387 339 112 378 527 469 45  113 396 432 199 378 60  239 370 146 186 260 153 476 204 212 409 355 561 481 275 255 316 297 394 529 413 521 150 393 170 378 507 284 471 302 102 349 298 420 301 362 544 323 77  483 166 455 405 379 361 276 424 308 124 519 361 312 337 272 337 498 525 450 537
136 153 23  452 0   203 341 265 250 368 111 362 415 119 231 292 262 369 339 218 131 286 317 340 185 321 413 388 305 98  238 408 279 253 345 336 100 322 404 324 210 212 384 367 67  187 172 335 278 381 356 88  191 402 329 129 465 374 388 94  107 139 394 365 294 337 316 409 329 419 96  358 410 351 20  258 231 364 107 160 328 441 105 187 375 321 268 148 141 363 263 41  83  347 234 134 183 260 76  457 113 417 83  51  182 173 79  215 340 205 104 330 296 241 213 136 260 473 307 293 188 366 320 333 309 34  129 360 223 170 380 406 388 96  206 443 390 287 132 365 213 462 242 264 373 306 243 329 161 378 308 171 233 111 317 270 259 144 167 298 131 208 79  302 298 311 297 91  168 23  315 350 113 187 76  157 155 117 357 473 81  296 68  131 74  184 268 215 143 332 114 229 290 320 269 245 189 124 64  114
200 163 225 333 203 0   327 297 269 165 261 189 266 322 84  130 246 268 362 63  192 359 146 446 333 120 371 352 431 276 40  262 339 282 165 247 148 304 280 311 374 369 387 302 202 98  334 432 338 268 166 271 326 308 423 96  376 246 244 117 310 80  333 180 398 134 174 379 236 354 277 233 285 438 221 99  189 235 268 108 129 378 222 70  183 263 414 93  323 160 115 181 245 153 372 213 29  59  212 380 146 361 125 179 38  329 279 322 138 77  264 131 178 384 339 291 262 390 119 95  16  330 177 331 107 236 263 161 46  286 178 339 192 299 362 344 323 387 286 346 50  367 233 353 208 148 72  274 146 191 294 77  319 305 450 75  80  178 187 118 215 82  235 213 118 163 110 292 141 208 112 242 186 55  233 175 49  320 405 383 276 169 253 88  149 279 73  94  134 244 209 320 342 119 76  318 363 324 160 317
451 199 358 207 341 327 0   89  93  408 266 280 245 394 411 251 85  144 65  267 444 143 267 228 262 398 78  52  256 306 316 236 120 95  290 127 391 23  193 18  304 288 61  83  275 231 288 207 122 167 320 315 241 140 196 269 167 193 226 350 400 357 86  310 204 390 216 68  134 105 432 187 196 195 357 254 139 193 449 233 341 119 439 386 333 80  284 255 472 408 237 364 425 443 252 457 343 359 269 146 400 93  343 373 292 513 355 197 405 400 445 412 183 266 226 270 81  166 300 325 318 39  217 21  386 363 470 432 289 215 429 101 463 387 283 169 94  192 269 23  376 174 104 170 263 243 275 72  433 318 35  383 164 433 276 312 282 201 178 433 455 405 420 137 432 228 420 363 201 364 365 155 228 273 282 190 328 400 119 174 340 195 316 359 282 188 311 418 223 124 440 171 108 398 308 144 319 372 368 391
386 142 280 278 265 297 89  0   28  410 180 305 295 307 377 258 69  200 74  247 379 77  279 173 174 390 167 141 186 220 297 285 51  15  308 172 329 79  251 75  217 201 119 155 198 199 199 155 51  222 336 229 153 211 143 220 251 240 271 292 314 308 168 331 136 388 236 156 174 190 352 230 256 152 279 248 117 237 371 190 344 207 368 344 352 125 205 211 389 409 235 293 349 433 168 390 305 341 190 232 340 181 282 304 258 434 269 110 400 361 368 403 200 183 140 182 44  252 304 321 284 125 239 73  377 283 395 428 268 126 431 184 460 302 196 246 173 123 181 111 343 256 69  93  295 255 262 125 379 341 67  339 78  349 207 302 274 137 117 412 388 366 345 163 412 244 401 277 156 288 361 200 156 242 200 131 285 313 108 259 254 210 231 307 216 100 301 378 171 167 372 85  48  389 299 59  231 284 301 304
366 118 266 263 250 269 93  28  0   382 174 279 273 302 349 230 44  183 97  218 359 103 252 200 180 361 169 143 208 214 268 264 78  15  280 152 308 76  233 76  226 211 135 145 183 171 203 182 78  204 309 222 160 198 171 194 245 219 248 269 307 283 163 304 160 359 210 161 153 186 340 208 238 181 265 220 88  215 357 163 316 206 350 318 325 109 221 184 379 381 206 275 334 404 183 370 278 312 177 228 318 179 260 285 230 421 262 121 372 334 353 374 174 198 151 181 21  247 275 292 257 124 213 83  348 270 379 399 240 127 402 178 431 294 205 236 165 147 179 116 315 247 41  115 270 228 233 110 355 314 62  313 93  340 229 274 245 114 93  384 369 339 329 139 383 218 372 270 129 273 332 180 137 214 189 107 259 307 136 252 247 184 223 283 195 100 272 352 146 147 353 99  77  360 270 77  237 281 281 299
341 303 390 319 368 165 408 410 382 0   420 147 231 488 168 156 345 293 460 175 333 483 142 577 487 52  423 412 572 439 135 234 460 397 126 290 302 387 275 396 531 524 468 351 364 227 492 561 459 280 97  435 477 328 550 254 385 248 226 279 475 237 378 115 533 31  194 438 280 391 438 242 278 562 386 162 293 240 424 251 66  410 374 200 95  329 564 245 482 7   175 344 404 66  520 354 186 108 373 401 296 404 288 341 193 479 445 465 33  190 420 51  224 534 486 449 368 403 108 90  180 394 194 420 61  401 412 38  158 435 21  377 59  464 517 349 364 520 445 420 165 372 341 486 173 165 153 339 276 115 382 216 454 467 592 112 138 322 324 110 358 190 394 270 110 181 98  458 276 372 55  270 339 197 395 314 213 485 511 390 441 212 418 246 312 422 114 193 280 291 357 456 459 53  116 447 523 489 321 483
247 131 116 419 111 261 266 180 174 420 0   373 404 128 315 306 202 334 248 248 243 181 332 228 77  381 344 317 194 40  285 395 180 171 363 300 206 251 378 250 113 110 297 313 62  201 73  224 178 351 382 49  79  359 219 166 414 354 376 185 134 223 335 386 183 390 314 335 296 359 178 340 384 241 117 278 195 346 203 173 367 379 215 271 401 270 161 175 211 416 275 151 184 414 124 246 251 320 50  400 219 353 173 162 228 259 89  105 398 290 200 392 284 133 101 30  190 419 336 333 245 298 318 253 367 114 232 422 262 62  436 349 453 121 103 400 335 177 25  289 289 415 183 155 377 314 273 275 267 399 237 258 129 171 208 310 290 112 125 374 242 295 183 272 374 314 369 97  158 132 365 321 84  223 36  126 223 133 256 422 74  288 54  217 114 83  308 305 144 295 225 123 192 380 307 144 102 107 170 125
389 243 386 173 362 189 280 305 279 147 373 0   88  473 248 70  236 150 339 146 381 382 45  479 425 165 282 274 485 404 149 88  357 294 26  154 334 263 128 271 472 462 338 212 331 177 437 460 357 135 50  404 410 182 449 233 238 102 79  297 466 267 236 33  439 144 68  299 146 246 451 99  131 456 382 103 197 95  448 206 93  265 407 256 56  199 489 214 498 151 100 353 423 203 446 401 218 168 337 254 333 261 300 355 188 512 426 385 160 256 443 175 104 461 412 398 261 255 72  107 196 259 65  295 159 396 448 182 148 367 167 233 206 453 454 202 222 426 394 287 224 225 239 393 26  59  123 208 335 38  261 266 366 473 506 117 110 262 253 224 403 259 414 145 223 62  208 439 215 375 130 129 290 177 360 249 231 473 394 243 418 95  390 275 291 347 118 269 232 156 396 370 352 165 115 354 471 465 337 468
461 275 438 88  415 266 245 295 273 231 404 88  0   516 332 135 229 101 309 212 453 371 121 465 442 253 225 224 481 438 229 9   345 288 114 123 403 234 56  242 490 477 295 165 372 228 459 445 345 78  136 441 424 118 434 288 159 55  27  363 512 339 180 117 431 232 98  245 121 183 508 66  55  437 435 169 210 59  509 254 181 197 474 335 136 172 495 268 555 236 158 413 484 291 454 473 294 253 375 180 404 200 364 417 256 576 469 391 247 338 505 263 120 469 421 424 253 177 157 193 270 215 95  264 247 447 514 268 221 384 251 172 290 499 470 124 166 418 420 246 306 145 239 388 62  118 194 176 412 116 237 344 366 526 502 199 185 293 278 312 474 342 475 136 311 106 296 481 251 430 218 94  325 241 397 278 302 518 365 163 459 119 431 346 341 360 201 352 273 127 465 372 337 253 197 351 494 504 401 512
215 241 99  541 119 322 394 307 302 488 128 473 516 0   348 403 329 456 372 333 215 296 429 316 158 441 472 446 268 87  357 508 300 299 458 422 207 379 497 378 153 164 423 440 144 295 132 319 299 471 472 80  175 484 317 243 541 470 489 212 20  257 463 479 279 457 421 463 417 487 95  455 503 340 103 371 315 462 127 266 446 507 169 304 491 396 219 259 103 483 372 150 124 466 203 207 302 380 141 528 218 481 202 157 299 159 47  217 460 321 127 449 395 202 199 127 318 546 423 411 307 426 425 381 429 88  163 480 340 183 500 476 508 25  162 525 462 278 127 417 332 541 309 266 481 415 359 402 263 492 365 288 247 66  274 387 375 225 244 416 202 324 131 392 416 418 416 34  264 120 435 441 192 303 120 240 275 9   373 549 58  397 86  248 183 208 385 330 243 417 188 241 314 440 386 266 125 28  175 5  
174 238 249 407 231 84  411 377 349 168 315 248 332 348 0   202 329 348 444 146 167 435 211 517 391 116 455 436 498 321 107 330 416 361 222 328 145 388 355 394 428 425 470 385 253 180 387 505 416 346 212 314 387 388 496 162 455 321 314 137 332 93  416 229 469 140 249 463 317 436 282 309 359 513 245 176 272 310 264 186 165 460 211 44  224 347 474 167 323 161 193 198 246 124 434 188 71  80  265 461 135 444 149 192 119 314 311 390 135 26  260 118 258 445 403 345 344 470 176 141 93  414 252 415 110 260 248 145 126 350 171 421 167 323 418 422 405 458 340 430 34  445 315 426 271 220 149 358 108 239 378 60  392 315 515 132 151 250 263 70  191 24  236 295 69  236 74  323 220 228 132 322 251 137 282 250 96  343 485 462 312 248 294 101 200 348 131 25  208 327 193 391 421 115 135 393 412 356 172 343
326 176 316 204 292 130 251 258 230 156 306 70  135 403 202 0   191 151 304 78  318 333 26  429 361 150 273 259 430 335 95  131 308 245 57  139 269 231 152 239 408 398 312 200 262 108 372 411 309 145 80  335 347 190 401 163 255 119 114 230 396 204 229 80  387 139 48  286 128 246 382 107 157 411 312 34  142 108 380 137 89  268 341 200 98  173 429 144 429 157 31  284 355 194 386 338 159 128 268 264 270 257 233 287 122 445 356 326 154 205 375 163 69  401 351 332 214 271 48  77  134 240 50  263 140 326 381 181 85  304 177 231 211 383 391 221 216 373 327 264 173 244 189 340 82  18  58  184 276 93  226 208 310 403 451 72  51  196 189 197 339 208 346 115 196 34  182 369 148 305 115 125 222 109 291 183 167 403 356 261 348 57  321 211 221 286 72  220 163 139 331 313 306 150 68  300 405 396 270 398
367 114 281 223 262 246 85  69  44  345 202 236 229 329 329 191 0   140 117 190 359 146 211 243 220 328 151 126 253 242 239 220 120 59  239 109 306 63  190 67  267 253 142 110 198 148 241 224 121 161 268 249 200 159 213 184 212 174 204 265 332 272 134 262 204 324 167 149 108 158 356 163 195 221 279 185 57  170 370 148 279 180 356 302 284 69  266 170 398 345 170 282 345 372 226 373 259 284 195 198 315 155 258 291 209 436 286 164 338 316 366 342 131 241 194 214 25  217 238 258 236 103 170 86  316 287 388 365 212 164 366 147 397 318 246 198 133 191 211 107 295 212 20  159 226 187 201 73  348 272 50  299 137 360 274 241 211 119 95  357 372 321 340 94  356 176 344 296 116 284 298 135 148 191 211 106 244 333 166 219 272 142 246 273 199 138 240 334 138 104 357 143 116 328 237 122 275 310 284 325
443 217 391 85  369 268 144 200 183 293 334 150 101 456 348 151 140 0   208 205 435 274 154 367 360 299 131 126 386 372 241 92  248 196 168 33  382 134 51  141 407 393 195 65  315 197 380 346 249 22  198 377 340 39  335 255 107 51  83  339 455 327 85  183 335 284 104 150 40  97  465 51  55  337 388 172 140 55  472 216 231 117 446 338 206 74  404 236 510 296 154 377 447 342 366 452 293 278 315 113 386 111 336 383 245 540 410 304 300 346 468 311 90  381 334 350 162 121 194 228 266 115 103 163 290 399 483 325 222 303 315 83  352 442 386 77  71  322 347 145 317 99  155 294 128 136 199 77  405 188 138 342 276 476 407 223 198 231 211 348 453 351 439 66  347 118 333 421 200 388 263 26  264 226 335 216 291 459 264 114 398 99  370 332 296 277 223 363 225 38  441 282 240 299 219 258 415 440 370 452
461 215 353 271 339 362 65  74  97  460 248 339 309 372 444 304 117 208 0   307 454 90  321 165 226 445 126 106 197 287 357 300 74  88  347 189 404 76  258 68  262 246 51  148 271 264 253 144 76  231 377 297 205 205 134 291 226 256 289 365 381 380 147 368 146 440 273 107 195 163 423 250 261 131 352 301 174 256 444 259 393 172 442 414 391 140 232 280 459 460 285 368 422 489 206 465 373 401 263 201 414 148 356 378 324 505 338 160 454 430 441 459 238 218 186 245 99  221 351 374 351 101 275 45  433 355 469 481 329 189 481 162 513 369 242 231 157 136 245 73  410 234 128 121 324 297 319 134 452 377 77  409 127 419 217 358 328 210 190 474 462 435 418 194 473 283 462 344 225 362 414 218 231 307 271 204 355 379 55  232 322 250 301 380 290 165 357 448 243 186 446 134 60  445 354 107 282 347 376 370
249 128 242 273 218 63  267 247 218 175 248 146 212 333 146 78  190 205 307 0   240 315 100 406 312 145 308 290 398 272 50  207 293 232 127 183 191 245 220 252 357 350 328 239 196 51  318 391 292 206 139 269 302 245 381 90  313 186 188 152 323 127 270 147 360 148 116 317 172 290 305 172 226 395 238 43  133 175 302 76  118 314 263 132 158 201 388 74  352 172 55  207 277 186 345 260 88  94  204 316 192 298 154 209 44  367 287 290 158 141 297 158 115 358 310 276 209 327 90  85  61  268 119 274 131 252 303 185 22  259 193 275 217 311 342 281 259 348 272 285 113 304 179 314 160 94  26  212 203 160 236 137 281 327 418 62  42  147 149 167 261 146 268 149 166 106 155 300 101 229 121 179 165 31  227 139 90  332 353 320 280 107 254 134 150 247 61  158 105 181 253 282 294 144 59  276 350 328 191 328
8   245 134 510 131 192 444 379 359 333 243 381 453 215 167 318 359 435 454 240 0   412 337 471 317 281 508 484 436 227 232 448 402 365 357 406 53  422 458 426 338 342 494 450 191 238 302 465 401 441 357 216 322 473 459 181 540 425 429 96  195 113 480 372 425 304 356 508 397 504 128 410 464 480 131 283 314 414 103 221 316 527 49  134 374 405 398 200 161 327 295 92  93  291 366 21  162 231 202 537 48  506 101 81  196 147 194 344 301 143 100 285 348 373 345 268 364 551 312 284 184 461 360 440 273 141 81  313 233 299 338 490 334 191 337 512 473 417 264 467 169 534 340 392 399 335 259 415 60  383 409 119 360 164 449 267 271 244 267 236 24  144 85  370 236 347 241 202 246 113 290 411 223 212 207 254 150 208 479 547 202 343 198 106 163 310 265 143 222 402 29  356 411 280 268 370 315 233 78  211
418 197 295 347 286 359 143 77  103 483 181 382 371 296 435 333 146 274 90  315 412 0   355 96  142 460 215 192 113 215 364 361 26  88  384 247 366 143 325 137 174 157 141 222 221 265 169 78  25  296 412 227 122 280 67  273 311 316 347 333 308 357 229 407 61  459 314 197 250 248 360 306 329 79  295 321 191 313 384 251 418 260 391 398 429 199 142 268 390 482 309 321 364 502 116 419 363 407 210 288 378 234 322 332 320 440 267 79  471 416 381 473 277 128 100 170 121 308 378 393 345 182 316 122 446 295 412 499 336 119 503 244 531 297 154 312 237 49  171 159 402 317 144 31  373 332 332 197 421 418 135 390 52  349 133 373 345 185 171 477 416 421 362 240 476 321 467 272 217 308 433 276 193 305 211 185 340 304 76  317 252 287 236 355 253 102 372 433 226 243 399 57  35  459 370 42  195 270 334 295
345 202 341 197 317 146 267 279 252 142 332 45  121 429 211 26  211 154 321 100 337 355 0   452 387 145 281 270 454 361 108 118 330 267 31  148 289 247 147 256 434 424 327 209 288 134 398 434 330 145 57  361 373 192 423 187 254 115 103 252 421 223 237 54  410 129 52  296 138 251 405 106 151 432 337 58  165 105 402 163 77  272 362 215 73  187 454 170 452 143 57  308 378 187 411 357 175 133 294 266 289 263 255 310 143 467 382 351 145 217 398 157 83  426 376 358 235 270 40  75  152 252 52  280 136 351 403 171 104 330 163 237 199 408 417 219 223 396 353 278 185 242 211 363 62  24  77  197 292 67  244 224 334 427 475 78  66  222 215 197 359 220 369 129 196 39  182 395 174 329 109 129 248 131 317 209 186 429 375 260 374 71  347 231 246 311 79  231 189 149 351 337 328 145 76  324 432 422 292 424
476 283 343 435 340 446 228 173 200 577 228 479 465 316 517 429 243 367 165 406 471 96  452 0   161 551 290 271 53  252 455 456 122 184 481 342 431 233 418 226 166 153 205 311 282 355 184 21  121 389 509 264 150 368 31  355 391 410 442 404 332 434 313 504 47  553 410 269 345 328 396 402 422 39  344 416 286 408 425 338 513 337 443 478 525 293 106 353 418 576 404 379 409 592 113 475 447 497 270 366 444 313 392 390 407 472 300 129 564 496 423 564 374 114 126 206 217 386 473 487 431 266 413 207 538 340 457 591 427 173 597 327 624 324 154 397 322 59  209 238 486 399 240 92  469 428 425 289 490 515 228 468 126 378 62  466 439 268 258 564 471 501 409 336 564 418 555 300 306 361 526 371 267 394 264 271 421 324 120 397 286 384 278 430 324 169 465 513 311 338 454 126 128 551 463 130 194 287 396 316
321 186 185 443 185 333 262 174 180 487 77  425 442 158 391 361 220 360 226 312 317 142 387 161 0   450 340 315 120 91  354 433 151 171 418 327 283 252 408 249 48  37  278 325 139 262 27  161 150 379 440 103 21  378 158 237 424 389 415 263 172 300 342 441 121 458 360 327 325 364 235 376 413 181 187 337 232 383 264 236 430 381 284 348 459 288 84  243 258 484 331 226 248 486 49  318 326 391 126 406 296 355 250 237 297 312 139 66  467 367 262 462 327 56  41  48  201 426 396 398 317 299 364 245 437 181 296 492 328 58  504 357 523 164 30  416 345 119 53  283 364 428 205 110 424 366 336 291 343 454 240 335 99  218 132 375 352 166 171 448 314 371 249 306 448 363 442 139 214 204 432 352 148 290 113 177 297 166 217 432 125 333 119 294 190 82  373 381 207 322 297 92  165 450 372 120 57  130 246 158
288 271 342 337 321 120 398 390 361 52  381 165 253 441 116 150 328 299 445 145 281 460 145 551 450 0   423 410 542 397 97  253 437 376 139 290 251 377 289 385 493 487 460 351 322 196 453 536 437 290 118 392 442 337 526 214 398 259 242 230 427 186 380 137 505 26  195 436 279 395 387 251 293 539 338 144 273 250 373 217 71  417 322 148 124 323 530 207 431 45  161 294 353 44  487 302 138 61  332 411 244 407 239 291 153 427 399 433 20  137 369 13  219 500 453 410 350 415 105 73  136 390 196 408 13  353 360 41  125 401 59  381 73  417 480 363 367 493 405 413 114 386 321 459 191 163 127 333 223 142 370 164 426 417 562 87  117 289 294 63  305 137 343 264 63  181 49  412 246 323 36  273 302 160 353 282 166 438 495 404 396 207 374 195 269 390 88  141 245 289 305 427 438 1   91  421 483 443 271 436
516 265 432 162 413 371 78  167 169 423 344 282 225 472 455 273 151 131 126 308 508 215 281 290 340 423 0   26  324 384 353 217 195 173 298 133 455 93  168 93  381 365 86  72  349 281 366 269 196 150 329 392 319 106 259 328 102 182 213 412 477 413 46  315 273 411 229 22  144 44  506 183 169 253 430 285 194 187 521 289 358 47  507 435 338 108 357 312 547 425 267 433 497 467 328 522 391 394 344 76  462 26  406 442 340 587 432 275 426 447 517 436 204 341 304 349 155 96  319 350 365 47  229 95  413 437 540 452 329 294 444 52  481 464 360 117 60  262 347 57  421 113 171 244 260 260 310 97  491 320 107 435 241 509 343 341 313 270 247 467 521 452 491 161 466 243 452 440 262 435 388 153 299 320 358 258 381 477 171 107 417 216 392 416 350 267 341 465 286 133 507 249 181 423 337 221 397 450 434 469
492 240 406 170 388 352 52  141 143 412 317 274 224 446 436 259 126 126 106 290 484 192 270 271 315 410 26  0   303 358 335 216 171 147 289 122 431 67  169 67  356 341 73  62  323 260 340 250 172 147 320 366 294 109 240 305 120 178 209 389 451 391 46  307 251 398 218 27  132 57  480 176 171 235 404 269 171 181 496 267 347 68  483 415 330 89  334 289 521 414 251 408 471 454 304 498 371 377 318 95  439 42  382 417 319 561 405 250 414 427 492 423 190 317 279 323 129 116 307 336 345 23  218 71  399 411 515 440 311 268 434 58  470 438 335 128 59  240 321 33  402 128 146 220 254 248 293 78  469 313 81  414 217 483 322 326 297 245 221 451 497 432 466 145 450 231 437 414 238 410 375 145 274 300 332 233 359 451 154 126 391 202 366 393 325 241 326 445 262 121 483 224 158 409 322 196 372 424 410 443
440 270 305 460 305 431 256 186 208 572 194 485 481 268 498 430 253 386 197 398 436 113 454 53  120 542 324 303 0   211 444 472 138 193 484 358 400 256 437 250 116 104 243 335 252 346 140 66  137 408 511 223 114 393 71  337 422 426 457 377 285 410 342 508 52  546 417 305 360 359 353 416 442 89  307 413 289 423 382 325 510 370 405 456 528 311 53  338 371 570 403 345 368 581 70  438 429 485 240 399 413 345 364 356 393 426 257 108 556 475 381 555 381 67  94  168 228 419 472 481 416 295 420 235 529 301 415 583 417 147 591 357 615 279 107 425 350 64  172 269 468 430 246 93  478 431 419 309 460 519 248 445 120 332 21  460 434 253 248 549 434 480 369 348 549 423 541 256 296 324 519 387 247 382 230 259 402 277 161 429 243 390 239 405 299 152 458 491 297 354 417 117 148 541 456 131 144 240 364 269
231 163 94  458 98  276 306 220 214 439 40  404 438 87  321 335 242 372 287 272 227 215 361 252 91  397 384 358 211 0   304 430 217 211 391 338 198 291 415 291 111 114 337 353 75  227 74  250 215 389 409 12  102 398 246 185 454 390 411 186 94  227 375 414 209 409 346 375 334 399 145 375 421 269 96  305 232 382 173 199 389 420 193 276 428 310 171 197 174 435 304 139 157 428 141 227 262 335 67  440 211 393 173 149 246 225 52  137 415 295 171 407 318 146 126 46  231 459 361 355 260 338 350 293 384 89  205 438 283 98  454 389 468 82  109 439 375 205 44  330 298 454 223 188 408 345 297 315 259 427 277 262 164 133 222 331 314 145 161 384 223 299 158 309 383 345 380 57  189 114 384 358 114 244 44  160 233 93  292 462 36  321 29  220 127 121 329 308 172 333 206 158 230 396 329 181 91  67  162 84 
241 174 261 300 238 40  316 297 268 135 285 149 229 357 107 95  239 241 357 50  232 364 108 455 354 97  353 335 444 304 0   226 342 282 125 223 189 293 248 300 397 391 377 282 229 99  357 440 342 239 125 301 345 281 430 119 348 214 209 157 345 121 312 139 408 105 142 362 212 331 316 201 253 444 257 69  183 203 308 119 90  354 263 106 142 246 432 110 362 131 87  219 285 137 389 253 69  44  238 354 187 340 163 218 58  370 312 336 113 109 304 110 152 402 355 315 259 363 79  55  51  314 144 323 84  272 303 138 28  303 150 316 171 334 383 314 301 396 310 333 78  338 229 362 170 113 43  257 185 151 285 116 329 342 464 34  44  191 196 117 255 113 275 192 116 129 105 325 148 245 80  215 205 63  260 185 88  355 403 354 308 142 284 129 178 293 32  124 148 221 250 330 344 97  35  325 388 356 199 352
456 267 431 85  408 262 236 285 264 234 395 88  9   508 330 131 220 92  300 207 448 361 118 456 433 253 217 216 472 430 226 0   335 279 114 113 398 224 48  233 481 468 286 156 364 221 450 436 336 69  137 433 415 110 424 282 154 45  19  358 504 335 172 119 422 233 92  237 111 176 501 57  48  428 428 164 201 50  503 247 182 190 469 332 139 162 485 262 548 238 152 406 478 292 445 468 291 252 367 174 399 192 358 410 251 570 461 382 249 335 499 264 112 460 411 415 244 172 156 192 265 206 89  255 247 440 508 270 217 375 254 165 293 491 461 119 157 409 412 237 304 140 230 378 62  113 190 167 408 119 228 340 357 518 493 197 182 285 269 312 469 339 469 127 311 101 296 474 244 423 218 85  317 236 389 270 297 510 356 158 451 112 423 341 333 351 198 350 266 118 460 362 328 254 194 341 485 496 395 504
408 179 290 322 279 339 120 51  78  460 180 357 345 300 416 308 120 248 74  293 402 26  330 122 151 437 195 171 138 217 342 335 0   63  359 222 355 119 299 113 188 172 126 198 213 243 179 103 1   271 387 227 130 255 92  255 288 290 321 320 310 342 206 382 86  436 288 179 224 225 358 280 304 102 290 297 166 287 381 231 394 239 384 381 404 174 163 249 391 458 284 312 360 479 133 410 345 386 203 266 366 213 309 323 300 439 268 85  449 399 378 450 252 146 111 173 95  287 354 370 326 159 291 100 424 291 407 476 314 119 480 221 508 299 167 288 213 73  173 138 383 294 119 49  347 307 310 171 408 393 110 374 53  350 158 350 322 168 153 456 408 404 357 214 456 296 446 274 197 302 409 250 180 285 207 166 322 307 78  295 253 262 234 340 241 97  349 416 208 217 391 60  14  437 347 35  207 275 324 298
372 127 268 275 253 282 95  15  15  397 171 294 288 299 361 245 59  196 88  232 365 88  267 184 171 376 173 147 193 211 282 279 63  0   296 166 315 82  246 80  215 200 131 155 185 184 195 166 63  217 324 220 150 209 155 204 253 233 263 277 305 293 171 319 144 374 226 164 167 194 340 222 251 165 267 235 104 229 359 175 331 212 354 329 341 122 208 195 378 396 222 280 336 418 170 376 290 326 178 235 325 185 267 290 243 422 260 109 387 345 356 389 190 185 139 175 35  255 291 307 269 129 229 82  363 271 382 414 254 120 417 186 446 292 194 246 174 131 174 118 328 257 56  99  286 244 248 122 364 330 69  323 80  339 214 289 260 122 102 398 374 351 332 154 397 233 386 268 141 276 347 194 142 227 189 116 270 304 123 261 245 200 221 292 201 93  287 363 156 161 358 86  62  375 285 62  228 276 287 296
366 233 368 197 345 165 290 308 280 126 363 26  114 458 222 57  239 168 347 127 357 384 31  481 418 139 298 289 484 391 125 114 359 296 0   167 312 271 151 280 465 455 349 227 318 164 429 462 359 154 30  391 404 202 451 216 261 122 102 276 450 244 253 23  439 120 74  314 158 265 432 116 154 460 365 87  195 114 427 193 68  284 386 231 44  209 485 198 479 129 87  334 403 179 442 378 194 142 324 275 311 279 280 335 167 491 411 381 136 231 423 150 108 457 407 389 264 278 46  81  173 272 72  304 133 379 426 159 126 361 147 251 185 437 448 225 239 426 384 299 199 248 240 393 51  52  102 219 310 36  269 241 364 454 505 92  88  253 246 198 380 234 394 152 197 63  182 424 205 356 104 144 279 158 347 240 209 458 401 266 404 97  377 252 275 342 93  243 219 168 373 368 356 140 90  353 463 452 317 453
414 184 358 119 336 247 127 172 152 290 300 154 123 422 328 139 109 33  189 183 406 247 148 342 327 290 133 122 358 338 223 113 222 166 167 0   353 112 81  121 375 361 183 61  282 168 347 322 222 52  198 343 308 66  311 226 133 68  100 310 421 301 90  185 308 277 95  148 11  108 432 61  86  314 356 154 107 67  440 186 225 131 416 315 209 49  374 206 478 292 136 345 415 333 335 423 270 263 281 133 358 118 307 352 220 508 377 273 293 324 436 302 72  350 303 317 131 145 185 216 243 105 96  144 279 366 452 318 202 270 311 93  348 408 354 107 78  295 313 133 296 127 122 265 136 126 180 55  379 193 114 317 246 443 380 209 182 197 178 335 423 329 408 36  334 109 320 388 168 356 254 29  231 201 301 182 265 425 245 141 364 83  336 305 264 245 209 341 193 5   411 251 214 289 205 229 382 406 340 418
61  192 111 458 100 148 391 329 308 302 206 334 403 207 145 269 306 382 404 191 53  366 289 431 283 251 455 431 400 198 189 398 355 315 312 353 0   369 406 373 310 311 443 396 149 185 271 424 354 388 314 188 285 419 417 127 486 373 379 42  189 68  426 328 384 271 305 455 343 450 137 358 412 438 108 234 260 362 122 167 276 474 74  103 332 351 366 146 180 296 245 60  102 267 331 70  120 195 161 484 13  452 48  51  147 180 175 303 271 118 118 257 296 339 306 234 312 498 267 243 138 408 309 388 241 121 114 286 185 258 310 436 310 182 305 459 419 376 229 414 137 480 287 348 351 286 211 361 61  340 356 87  315 170 414 223 224 193 215 214 71  120 92  317 214 296 217 186 193 89  255 358 175 161 170 202 102 201 432 494 180 292 169 59  114 266 221 124 169 349 62  312 364 250 224 323 289 218 36  202
430 177 339 203 322 304 23  79  76  387 251 263 234 379 388 231 63  134 76  245 422 143 247 233 252 377 93  67  256 291 293 224 119 82  271 112 369 0   184 8   296 280 83  79  256 208 277 212 120 156 302 299 231 136 201 247 172 180 213 328 384 335 89  292 204 369 197 87  118 112 414 173 188 203 338 232 116 180 429 210 321 130 418 363 315 64  281 232 454 388 216 343 405 421 246 435 320 337 251 153 378 103 321 352 269 494 338 189 384 377 426 390 164 261 219 257 62  173 279 304 295 47  199 32  365 344 449 411 267 203 409 105 442 371 275 169 95  192 255 44  354 177 82  167 247 223 253 57  411 301 14  360 157 415 277 290 260 180 157 411 434 382 400 119 410 209 398 347 179 344 344 141 208 250 265 169 305 384 132 179 323 176 299 336 261 175 289 395 201 109 419 164 108 376 286 137 310 357 346 376
467 256 427 52  404 280 193 251 233 275 378 128 56  497 355 152 190 51  258 220 458 325 147 418 408 289 168 169 437 415 248 48  299 246 151 81  406 184 0   192 456 442 241 111 354 223 427 397 300 29  178 419 389 62  386 284 110 34  49  364 495 347 124 160 386 271 106 189 83  127 499 48  5   388 424 181 183 44  504 246 218 142 474 351 182 125 455 264 546 279 165 408 479 330 416 477 307 279 356 127 409 144 363 413 263 572 451 354 287 357 500 301 110 431 384 396 212 127 187 223 281 161 103 213 282 435 512 310 234 351 296 116 334 482 435 74  110 373 393 192 326 97  203 345 102 135 208 128 423 162 189 357 326 513 458 223 203 272 253 345 478 360 471 105 344 118 329 462 236 422 254 57  304 246 377 256 310 500 313 115 439 114 411 353 330 326 224 372 260 86  467 332 291 290 220 309 462 483 399 493
433 181 341 210 324 311 18  75  76  396 250 271 242 378 394 239 67  141 68  252 426 137 256 226 249 385 93  67  250 291 300 233 113 80  280 121 373 8   192 0   292 277 76  85  258 214 274 205 114 164 310 299 228 143 194 252 177 188 221 333 383 340 94  301 198 377 206 86  127 115 415 182 196 195 340 240 122 188 431 215 329 132 421 369 324 72  276 238 455 396 224 346 407 429 242 439 326 344 252 156 382 105 325 355 275 496 338 185 392 383 428 398 172 256 215 255 63  177 287 312 301 49  208 24  373 345 452 419 274 201 417 109 450 371 271 175 100 186 254 41  360 182 86  161 256 232 260 66  415 309 17  366 153 416 270 298 268 183 160 418 437 388 402 127 417 217 405 347 183 346 352 150 210 256 266 172 311 384 123 184 323 184 299 341 264 173 297 401 205 117 422 160 102 384 294 132 306 356 350 375
341 232 204 489 210 374 304 217 226 531 113 472 490 153 428 408 267 407 262 357 338 174 434 166 48  493 381 356 116 111 397 481 188 215 465 375 310 296 456 292 0   16  314 371 175 307 40  173 186 427 487 122 66  424 173 279 469 437 463 295 171 335 386 489 137 502 408 366 373 408 241 424 461 195 207 383 280 431 272 281 475 424 301 383 506 335 66  286 256 528 378 251 261 528 59  337 365 433 163 449 323 397 282 261 340 312 148 107 510 403 271 504 375 52  77  83  247 469 442 443 358 342 412 285 480 198 306 534 372 106 548 401 566 165 21  462 390 139 88  324 402 472 252 142 472 414 382 337 371 501 284 370 139 218 121 420 398 213 219 488 332 407 264 354 487 410 482 144 261 225 476 400 192 334 145 224 336 162 246 476 136 381 141 328 228 130 418 416 252 370 316 132 202 492 417 160 28  125 274 154
345 223 208 475 212 369 288 201 211 524 110 462 477 164 425 398 253 393 246 350 342 157 424 153 37  487 365 341 104 114 391 468 172 200 455 361 311 280 442 277 16  0   297 356 172 299 40  158 170 413 478 125 53  410 158 273 453 424 450 295 181 333 370 479 122 496 397 350 360 392 249 411 447 180 210 374 268 418 280 274 468 408 306 382 496 321 57  280 266 521 368 253 267 523 43  341 361 427 160 433 325 381 282 264 334 322 155 91  504 401 278 499 363 38  61  79  232 454 433 436 353 326 401 269 474 203 314 529 366 94  541 385 560 175 7   447 375 124 84  308 399 457 239 125 460 404 374 322 373 491 269 369 124 228 111 412 390 204 209 484 337 405 270 341 483 400 478 152 252 229 470 387 185 328 144 215 332 173 229 460 142 370 144 327 224 117 411 415 244 356 321 117 186 487 410 144 41  135 275 164
502 251 399 243 384 387 61  119 135 468 297 338 295 423 470 312 142 195 51  328 494 141 327 205 278 460 86  73  243 337 377 286 126 131 349 183 443 83  241 76  314 297 0   130 317 290 305 185 128 217 380 346 257 182 175 324 188 246 278 403 431 413 119 369 193 451 275 64  192 128 471 242 243 168 399 315 197 248 491 290 402 132 486 444 392 139 281 312 508 469 298 411 468 504 257 506 401 421 309 162 452 111 395 421 351 553 387 211 466 458 487 473 244 269 238 296 131 181 360 386 377 79  277 56  448 402 514 493 350 240 490 131 524 419 293 201 132 184 296 50  436 199 158 172 320 303 336 130 488 376 92  441 179 468 261 373 344 250 227 494 504 463 464 198 493 288 481 394 257 407 426 210 273 332 319 241 386 429 86  194 372 256 350 414 331 215 372 476 277 181 489 186 112 459 369 159 333 398 417 421
458 214 387 124 367 302 83  155 145 351 313 212 165 440 385 200 110 65  148 239 450 222 209 311 325 351 72  62  335 353 282 156 198 155 227 61  396 79  111 85  371 356 130 0   306 217 348 290 199 86  258 359 305 57  279 269 101 116 148 354 442 350 30  245 284 339 157 87  72  53  462 114 114 279 385 214 137 119 474 229 286 77  454 369 268 46  359 251 505 353 196 382 449 395 324 466 324 323 303 89  403 58  349 389 273 540 396 264 354 380 470 364 132 338 294 324 125 107 247 278 297 50  157 104 340 393 489 380 259 272 373 39  409 429 349 91  23  271 322 81  352 102 130 246 192 188 239 38  428 251 88  370 233 469 356 269 242 223 200 395 465 384 442 90  394 170 380 406 205 388 316 83  255 254 321 209 316 444 202 109 382 144 356 353 298 245 269 397 230 61  452 240 187 351 265 214 382 421 379 436
197 98  83  400 67  202 275 198 183 364 62  331 372 144 253 262 198 315 271 196 191 221 288 282 139 322 349 323 252 75  229 364 213 185 318 282 149 256 354 258 175 172 317 306 0   154 134 275 211 329 334 73  138 345 268 109 406 327 345 124 140 161 332 340 235 333 277 344 275 357 157 312 360 289 81  231 174 318 174 125 314 379 171 209 353 261 223 122 199 360 231 100 150 354 185 198 190 261 12  396 161 354 111 111 170 238 97  154 340 228 170 333 251 194 158 92  194 413 286 279 186 301 281 266 309 88  197 363 207 109 379 345 394 127 165 387 329 227 87  299 227 404 178 200 338 272 222 268 208 353 242 196 169 162 268 256 238 84  105 313 195 232 146 250 312 274 308 109 120 90  309 298 51  169 31  99  161 145 291 414 87  253 59  155 53  119 254 242 99  277 178 165 223 321 254 179 161 134 114 139
246 76  211 274 187 98  231 199 171 227 201 177 228 295 180 108 148 197 264 51  238 265 134 355 262 196 281 260 346 227 99  221 243 184 164 168 185 208 223 214 307 299 290 217 154 0   269 340 243 203 181 227 251 234 330 61  302 191 201 142 288 133 247 186 309 199 129 286 158 270 280 175 229 345 207 77  92  180 282 29  168 294 251 155 200 173 337 41  327 224 77  185 257 237 293 255 112 142 160 301 189 274 140 190 61  349 248 238 210 169 278 209 112 307 259 228 164 314 135 136 87  237 133 234 183 221 289 236 71  208 245 255 269 275 292 274 239 296 223 251 146 295 135 263 186 119 74  184 212 199 197 154 229 298 366 114 90  95  97  213 256 174 248 132 212 124 202 261 49  202 173 173 116 43  183 87  99  295 307 309 240 110 213 137 114 195 112 187 56  165 244 231 246 195 111 225 302 288 175 290
305 195 168 464 172 334 288 199 203 492 73  437 459 132 387 372 241 380 253 318 302 169 398 184 27  453 366 340 140 74  357 450 179 195 429 347 271 277 427 274 40  40  305 348 134 269 0   186 177 399 450 85  48  400 184 239 448 407 432 255 147 294 366 452 147 462 374 353 344 389 213 393 433 207 170 346 249 400 242 242 437 406 267 343 469 310 96  247 233 488 341 213 229 487 71  302 324 392 122 430 284 380 242 224 300 287 117 93  470 362 241 464 342 73  69  42  223 450 404 404 318 324 378 271 440 163 275 494 333 76  508 381 526 139 34  439 369 146 47  309 361 451 225 138 438 378 343 313 333 465 264 330 126 193 149 381 359 176 184 447 297 367 231 324 446 376 442 116 224 189 437 371 153 295 105 188 295 140 245 456 104 348 103 288 187 103 379 376 213 342 281 119 193 452 378 146 35  104 235 132
471 269 340 414 335 432 207 155 182 561 224 460 445 319 505 411 224 346 144 391 465 78  434 21  161 536 269 250 66  250 440 436 103 166 462 322 424 212 397 205 173 158 185 290 275 340 186 0   103 369 491 262 148 347 11  343 370 390 422 395 334 423 292 485 41  537 391 248 325 307 396 382 401 23  341 399 269 388 423 324 496 316 439 467 507 273 117 340 419 560 387 373 407 578 116 470 435 483 263 345 436 292 383 384 393 473 300 121 548 485 421 549 355 120 124 204 199 365 456 471 418 245 394 186 523 338 455 576 412 166 581 306 608 325 158 376 301 48  207 217 474 378 222 79  450 410 409 269 482 496 207 458 113 379 79  450 423 255 244 551 467 490 407 317 550 399 541 301 292 356 510 351 257 380 259 257 410 327 99  376 285 365 276 420 315 160 449 502 298 318 449 114 108 535 447 114 200 290 390 318
407 178 289 323 278 338 122 51  78  459 178 357 345 299 416 309 121 249 76  292 401 25  330 121 150 437 196 172 137 215 342 336 1   63  359 222 354 120 300 114 186 170 128 199 211 243 177 103 0   271 387 226 129 256 92  255 289 290 322 319 309 341 207 382 86  436 288 180 225 227 356 281 304 102 289 297 166 288 379 230 394 240 383 381 404 174 162 249 390 458 284 311 358 479 131 409 344 386 202 267 365 214 309 322 300 438 267 84  448 398 376 450 252 145 110 171 96  288 354 370 325 161 291 101 424 290 406 476 314 117 480 222 508 298 166 289 214 73  172 139 383 295 119 48  347 307 309 172 407 393 111 373 52  349 158 350 322 168 152 456 406 403 356 215 455 296 445 272 197 301 409 251 179 285 206 166 322 306 79  296 251 262 233 339 240 96  349 415 208 218 390 58  15  436 347 34  205 273 323 297
