300
0   365 234 256 98  343 323 382 154 273 289 295 154 87  350 276 104 502 97  60  472 106 349 349 145 350 137 30  229 490 275 302 342 217 380 394 440 189 367 40  89  55  197 346 302 46  307 426 318 322 74  158 127 341 280 107 381 311 116 290 342 235 66  123 312 205 267 374 339 397 356 512 322 203 243 300 66  418 367 236 145 125 324 99  307 92  167 361 208 114 469 364 344 303 236 120 342 513 314 301 315 162 278 118 138 183 404 363 53  248 344 182 233 374 364 402 378 280 276 244 160 242 277 187 101 356 356 170 293 155 262 168 290 349 291 274 393 36  164 158 135 116 255 505 105 260 403 150 325 381 210 350 247 245 256 122 125 357 332 456 388 17  99  321 275 311 241 403 49  124 320 244 283 405 243 502 299 456 315 110 86  72  129 154 356 346 330 106 150 297 484 311 311 263 336 405 344 221 413 391 116 271 357 261 330 270 135 427 106 359 249 113 285 331 178 305 201 294 79  104 332 430 46  337 231 200 365 105 209 436 198 54  109 413 330 38  349 327 28  474 370 343 129 141 187 118 359 142 397 72  256 355 369 24  231 326 227 212 306 167 372 94  304 46  381 318 110 200 190 103 92  191 64  152 265 329 102 282 211 335 285 175 365 328 149 129 77  216 277 99  88  291 302 283 288 197 340 395 37  164
365 0   151 142 409 534 195 80  276 101 140 98  310 449 201 218 448 258 297 382 252 260 489 257 316 205 481 339 136 251 91  341 164 164 416 134 294 450 397 404 440 398 224 351 172 397 81  254 183 187 433 237 376 198 410 401 181 220 430 91  328 421 382 429 282 178 339 542 126 163 34  278 260 212 128 69  336 110 449 348 273 464 65  445 57  414 230 344 206 271 275 321 404 64  466 282 57  292 89  179 478 228 102 321 501 430 209 508 391 429 371 249 239 51  228 341 212 114 91  485 300 210 307 188 369 277 254 222 364 219 109 200 166 472 159 225 81  330 201 240 491 250 390 275 427 108 271 297 230 203 442 83  178 200 382 374 336 83  137 209 240 360 299 75  424 100 176 329 394 247 431 192 237 90  261 271 93  307 287 262 286 416 311 243 361 166 306 269 449 501 266 339 167 393 429 299 63  181 200 242 476 474 399 110 314 246 481 324 428 523 471 263 144 317 230 205 310 469 377 410 202 172 375 202 141 235 477 447 448 240 233 377 332 311 270 384 404 156 366 212 154 350 374 228 203 248 535 419 156 412 145 79  367 389 153 426 140 376 115 208 531 458 216 397 536 140 306 319 175 265 378 478 371 317 475 271 357 121 173 83  506 191 68  306 260 282 287 214 383 440 278 294 69  454 438 432 51  292 402 473
234 151 0   24  262 484 122 203 125 107 62  137 237 311 147 105 330 372 194 266 355 128 456 295 165 260 364 205 69  362 67  332 227 116 419 241 366 365 401 269 297 256 75  359 205 257 135 333 224 230 294 159 284 138 372 253 262 247 322 121 341 362 268 324 293 122 314 502 109 260 131 389 283 63  31  82  193 241 436 307 194 349 94  326 101 302 158 362 163 171 368 347 396 87  394 189 112 398 81  95  434 79  49  231 363 348 293 475 271 373 373 191 102 181 284 379 280 133 63  411 149 194 294 111 220 313 297 149 344 126 44  104 191 444 186 228 210 198 77  163 367 120 347 384 280 50  333 146 263 277 367 180 47  70  341 281 186 123 201 320 305 233 197 89  380 77  41  371 272 139 404 177 243 222 239 380 67  382 299 124 148 273 160 93  371 231 320 161 349 443 369 334 208 352 409 352 162 33  292 308 350 414 398 42  325 243 363 379 280 483 403 157 60  328 79  115 259 420 230 303 247 285 256 137 94  87  454 329 371 329 185 234 183 364 294 245 397 106 242 331 238 357 283 93  140 118 490 324 256 294 26  121 381 258 118 403 39  318 164 121 494 328 239 257 500 92  157 266 78  131 273 385 258 166 412 294 258 144 24  167 441 90  133 319 110 133 158 179 351 323 146 292 114 405 396 355 151 342 270 371
256 142 24  0   279 508 101 202 137 117 38  145 261 331 124 92  353 376 219 290 361 151 479 310 177 271 388 227 87  366 70  352 237 135 439 244 377 389 421 291 316 276 83  378 218 277 140 343 237 242 314 183 309 116 395 269 270 262 346 128 359 386 292 348 311 143 336 525 84  266 118 393 299 71  44  76  212 240 457 329 218 372 80  350 98  326 181 380 184 195 376 364 417 81  419 213 96  404 62  74  458 97  40  256 383 372 302 498 295 397 392 214 99  178 296 395 291 144 64  435 159 213 315 133 235 328 311 172 366 150 47  129 205 467 199 246 208 220 102 187 390 143 370 389 297 56  345 158 278 287 392 182 38  62  364 306 199 103 210 324 316 256 222 73  403 56  34  387 296 164 427 196 260 220 260 385 51  393 317 146 170 292 174 110 390 241 338 186 373 467 375 355 220 375 431 366 163 40  299 319 372 438 418 45  344 262 386 393 297 507 427 182 36  346 92  96  282 444 248 327 260 288 279 115 112 93  476 353 395 337 207 253 198 378 311 266 418 82  265 333 245 376 308 116 162 141 514 349 261 317 4   102 399 280 136 425 58  342 173 144 517 350 255 277 524 68  174 289 101 153 297 410 282 177 436 311 283 155 45  170 466 114 115 337 125 149 181 199 374 346 168 311 117 429 419 379 151 356 292 395
98  409 262 279 0   433 318 443 145 331 304 358 251 80  343 266 168 580 189 153 553 157 444 438 113 433 191 96  282 568 319 399 419 285 478 463 528 276 466 82  53  45  201 443 381 57  366 511 398 403 67  240 224 335 378 16  459 398 197 348 438 331 159 206 405 276 365 465 353 471 393 592 412 211 281 340 75  480 465 334 236 187 357 162 354 174 249 458 289 199 554 459 443 345 325 210 374 595 341 301 409 182 311 215 120 274 485 458 141 343 442 271 221 429 449 497 460 344 318 331 134 326 373 254 45  447 445 249 391 226 300 233 368 445 367 361 452 107 213 242 173 169 353 586 18  301 492 129 412 463 301 412 257 246 354 219 86  381 405 532 474 115 191 351 372 335 253 497 133 197 418 324 372 465 335 582 329 545 408 150 128 38  107 168 453 423 425 187 231 386 566 408 389 361 434 496 402 239 491 477 152 362 455 299 425 360 188 519 18  451 339 192 300 426 187 297 298 388 32  192 416 503 140 329 292 197 462 170 298 519 285 46  81  505 421 61  447 333 126 549 444 440 226 184 264 170 449 231 470 150 277 381 467 96  299 424 270 310 374 237 465 124 390 57  474 329 104 297 246 151 187 270 160 117 356 421 200 350 238 397 373 235 394 422 154 129 142 300 375 168 143 386 355 378 384 289 395 486 92  238
343 534 484 508 433 0   604 495 475 438 546 435 247 370 630 572 271 492 303 283 456 389 70  323 481 371 264 364 430 481 477 209 400 383 190 466 379 156 198 350 395 387 495 228 371 376 452 399 369 368 374 325 220 622 125 445 415 333 236 444 250 122 277 227 275 372 198 37  586 445 548 488 301 494 470 501 406 510 138 186 290 258 534 277 490 258 326 249 334 319 432 275 169 501 107 300 549 476 540 578 58  453 503 261 378 160 414 61  292 111 205 296 540 508 361 292 387 420 482 103 491 323 234 375 445 311 331 336 181 358 482 379 372 90  378 313 505 359 411 320 293 389 144 480 432 474 360 480 331 398 132 467 522 534 152 225 466 577 415 475 372 328 299 538 110 543 514 305 299 351 118 342 305 511 273 480 525 386 272 404 394 396 463 454 226 400 263 333 204 46  459 216 379 141 132 335 478 494 431 374 306 73  186 482 255 292 267 336 433 36  94  335 544 253 476 593 228 65  422 241 361 474 297 619 411 504 102 269 134 424 307 396 449 333 297 375 173 590 315 496 428 227 220 411 348 390 21  201 451 282 510 573 233 338 390 128 452 165 422 363 45  326 333 376 54  574 441 220 406 392 252 170 280 488 78  296 250 413 471 459 61  393 576 261 460 450 366 322 154 269 379 252 468 80  96  146 485 331 341 204
323 195 122 101 318 604 0   271 175 210 68  235 357 384 27  52  427 450 308 367 441 229 578 406 205 364 460 293 187 442 160 453 327 236 540 321 467 479 522 352 364 328 125 479 314 333 226 431 331 337 368 280 398 18  495 304 357 360 427 218 459 482 371 430 411 244 436 623 70  347 161 469 398 120 144 152 266 305 558 429 314 447 132 422 176 405 280 479 285 287 460 463 518 156 512 306 137 482 110 27  556 163 125 347 434 463 388 597 370 493 493 313 97  243 389 493 381 238 153 527 184 314 416 233 273 425 407 271 467 246 141 226 302 567 295 346 274 289 193 285 458 224 469 466 336 151 437 189 375 375 484 261 82  77  463 394 232 117 299 400 408 328 311 122 502 99  90  483 369 255 527 296 360 284 361 462 114 482 417 218 238 341 211 169 490 330 438 275 457 562 455 455 314 474 532 460 239 111 383 410 438 533 519 140 444 362 458 487 336 605 521 272 67  446 144 21  382 541 292 409 354 363 355 14  212 124 577 427 487 422 308 305 238 473 409 323 519 39  339 405 330 477 398 198 262 222 612 435 341 392 97  120 500 345 237 526 159 439 263 242 616 412 353 333 623 54  221 388 201 228 381 495 362 201 531 410 370 249 133 252 560 212 135 437 174 197 258 300 474 420 244 412 201 526 518 471 225 451 355 477
382 80  203 202 443 495 271 0   323 111 211 87  295 470 281 288 451 178 300 387 171 286 442 192 363 137 483 361 160 171 135 291 99  165 356 53  216 433 338 423 465 423 278 292 123 420 76  175 126 129 455 234 366 277 369 438 106 164 426 94  268 391 386 424 226 178 297 498 206 83  114 198 202 267 173 126 367 38  395 312 265 465 139 450 103 415 226 282 191 275 195 256 350 121 440 280 136 212 162 253 437 271 162 314 521 412 131 461 398 397 314 233 301 29  159 272 138 103 139 459 349 180 260 195 406 211 187 219 316 228 159 214 124 424 118 181 11  351 229 236 497 275 353 195 460 153 196 345 170 129 419 33  240 264 343 365 379 163 79  129 166 374 301 149 385 173 237 259 403 258 384 165 189 22  224 191 161 228 231 292 315 442 355 286 301 100 247 278 440 466 185 287 115 354 379 226 41  236 121 168 485 441 342 161 256 202 483 249 460 479 443 271 214 258 279 280 282 431 410 407 140 92  383 280 152 291 426 450 426 160 215 405 372 238 210 408 348 233 377 133 80  292 363 258 200 273 492 408 76  418 206 159 305 405 151 377 178 348 81  216 486 471 162 420 489 217 345 291 197 292 375 464 375 365 444 211 352 102 222 47  475 209 148 248 305 324 308 193 340 443 302 244 90  417 398 411 51  220 419 465
154 276 125 137 145 475 175 323 0   217 159 246 239 209 201 124 259 482 174 207 461 90  465 373 40  351 292 125 167 471 190 373 326 191 461 355 455 331 445 178 190 153 56  410 295 158 250 429 314 319 192 184 255 192 385 133 365 326 267 233 398 356 212 272 355 188 345 501 207 369 255 497 353 66  151 207 92  362 464 326 204 280 217 254 224 243 190 419 218 164 468 412 431 212 372 184 234 504 200 157 436 53  174 216 259 320 394 482 206 368 417 223 80  304 372 448 375 237 187 384 26  258 339 166 100 387 377 185 376 154 168 146 280 459 277 296 331 124 109 188 286 95  358 492 164 171 420 21  342 375 345 297 112 101 355 251 62  238 305 431 395 163 178 211 387 192 109 444 203 139 423 248 310 344 288 488 189 472 360 74  81  166 38  39  422 330 380 148 300 430 474 379 300 365 434 433 282 97  397 399 265 401 438 166 383 304 289 459 164 484 384 149 155 385 45  155 279 418 118 252 335 398 194 187 185 52  472 260 345 431 229 130 64  444 364 149 433 187 176 444 345 408 256 86  189 94  487 284 367 226 135 238 434 174 202 425 145 320 269 159 496 239 317 158 504 184 46  283 142 86  229 341 205 41  397 364 225 245 103 282 422 139 252 378 21  26  109 234 372 254 96  344 233 404 402 331 272 422 183 317
273 101 107 117 331 438 210 111 217 0   142 30  208 360 229 209 350 266 197 283 248 175 397 196 256 155 382 251 50  256 50  256 120 63  338 138 260 349 320 313 354 312 177 275 103 310 34  226 121 126 345 136 274 222 316 326 155 150 329 17  253 322 283 328 205 77  248 449 163 154 109 283 189 167 75  66  256 148 364 252 171 365 99  347 52  315 129 272 105 172 260 254 321 65  366 181 111 291 111 186 383 164 85  220 411 328 186 417 294 331 292 148 209 100 179 282 174 27  57  384 243 117 219 89  295 215 196 121 275 121 70  105 91  382 85  141 120 241 118 139 393 163 294 278 348 61  228 237 164 170 341 81  153 176 286 273 270 142 94  215 199 266 199 105 328 119 147 273 298 151 341 98  155 133 168 274 100 276 211 181 203 331 246 178 285 124 231 172 348 403 262 256 104 298 341 250 70  139 185 202 380 375 319 72  238 160 382 277 349 430 371 165 143 241 175 211 211 373 299 309 144 181 278 223 42  191 389 348 347 222 133 294 262 262 200 298 321 180 270 227 131 273 272 147 102 162 440 317 150 315 121 138 294 297 51  337 73  277 56  109 439 364 143 310 444 162 235 219 85  181 277 377 272 258 376 201 256 39  120 66  407 98  138 231 197 215 198 115 290 341 191 211 32  358 343 331 66  241 310 372
289 140 62  38  304 546 68  211 159 142 0   167 299 361 88  77  389 389 257 326 377 186 516 338 197 296 423 259 121 380 91  387 259 170 473 258 400 428 455 323 345 305 102 412 246 308 160 364 263 269 344 221 347 81  432 293 291 291 383 150 392 424 328 385 343 179 372 563 50  282 110 408 330 93  78  87  241 247 493 367 256 408 75  385 111 363 219 412 220 234 395 394 452 91  457 251 86  419 51  44  496 128 57  294 413 410 322 535 330 435 426 251 101 185 321 424 313 170 85  473 177 247 350 171 260 357 339 210 402 188 73  167 233 504 227 278 215 253 139 225 424 179 408 404 322 83  370 178 306 309 430 197 47  64  401 344 221 80  232 338 340 290 260 65  441 41  50  415 331 202 463 229 292 227 295 400 50  415 349 179 202 320 197 139 423 263 370 224 411 505 391 389 246 412 467 392 175 68  318 343 406 476 452 72  376 295 421 419 323 544 466 220 4   379 117 70  320 482 275 364 286 301 315 81  145 109 513 388 434 357 244 282 223 405 341 297 453 44  300 345 265 409 346 152 199 177 552 386 277 353 36  81  432 313 169 461 94  380 196 182 555 382 285 308 561 30  200 327 139 188 335 447 318 195 474 342 320 181 80  187 504 153 96  369 150 175 217 235 410 382 203 345 135 467 456 418 162 383 324 432
295 98  137 145 358 435 235 87  246 30  167 0   216 383 252 237 366 236 214 301 218 200 390 174 285 129 398 274 79  226 76  245 92  78  323 108 232 356 305 335 378 337 207 259 81  333 17  198 97  103 368 149 285 246 311 353 126 130 343 17  237 323 300 341 189 92  241 444 183 124 115 253 171 197 105 85  282 123 353 249 182 380 115 364 64  330 141 255 111 189 231 234 309 82  369 195 123 261 131 211 379 193 110 231 433 335 157 410 312 331 278 154 239 82  154 260 146 17  82  388 273 111 210 108 323 193 173 134 266 141 98  127 72  374 65  129 97  264 145 151 411 189 291 247 374 89  202 267 143 142 346 54  182 205 283 284 298 155 65  185 172 287 215 123 325 140 176 250 316 171 333 93  141 109 162 244 122 248 195 208 229 356 275 208 270 96  215 191 359 402 232 244 80  294 332 225 50  169 155 175 398 375 305 100 222 149 398 252 375 425 374 184 169 225 205 237 212 370 325 323 120 151 296 247 66  221 380 364 352 193 137 319 290 238 181 321 309 202 290 198 101 258 283 174 115 187 436 328 120 332 149 151 277 318 65  329 103 278 28  128 433 384 124 333 437 184 263 221 111 206 291 386 289 288 377 182 269 22  150 39  408 123 148 214 226 244 221 117 284 357 216 198 37  356 339 336 52  216 332 383
154 310 237 261 251 247 357 295 239 208 299 216 0   229 383 325 171 372 67  118 339 149 227 204 255 219 197 157 188 360 238 148 224 147 230 287 294 140 216 186 240 209 250 192 184 200 232 287 194 196 221 79  72  374 145 257 258 175 137 219 188 125 114 132 161 133 114 267 341 280 316 379 175 248 225 264 194 323 225 87  42  179 296 172 258 133 82  207 105 75  331 211 196 265 160 55  312 376 298 330 201 209 260 36  269 120 274 244 134 136 191 62  296 298 226 249 245 199 242 177 259 118 123 131 242 208 212 92  143 111 239 132 176 220 180 138 306 147 164 75  218 146 119 371 259 232 259 248 186 252 134 262 275 287 116 72  247 338 225 333 249 137 64  298 149 300 267 251 141 105 183 130 142 316 97  369 283 309 163 165 162 226 237 212 202 227 177 91  146 205 349 157 194 125 195 256 266 246 286 252 212 176 207 239 176 127 198 276 260 249 167 91  297 177 232 345 47  184 226 119 202 315 124 372 173 260 233 168 139 302 80  205 231 263 181 192 200 343 130 353 255 188 69  166 108 147 255 113 283 145 263 335 215 165 157 186 207 83  213 117 261 208 169 200 268 328 215 47  160 153 92  170 106 262 175 181 68  196 224 250 205 146 339 174 221 216 134 101 133 162 144 138 240 170 164 123 268 246 177 170
87  449 311 331 80  370 384 470 209 360 361 383 229 0   411 334 99  588 182 112 558 188 392 431 184 436 115 109 314 576 358 372 430 305 442 482 522 215 432 47  28  56  262 417 389 53  394 510 404 408 17  245 182 402 334 97  468 396 136 377 416 281 117 146 391 293 336 405 411 484 437 598 403 270 324 382 120 505 421 302 229 115 404 93  391 118 254 434 295 201 554 440 406 386 265 205 422 598 392 365 355 233 357 193 52  218 490 403 97  292 412 266 289 460 448 478 463 367 358 267 204 328 352 274 118 437 438 258 359 242 343 255 377 395 378 358 480 119 247 245 94  199 311 591 70  342 486 197 409 468 245 437 316 309 315 177 158 434 420 544 472 99  183 400 325 387 311 480 89  211 373 330 366 492 324 588 377 538 393 187 163 45  174 222 426 433 407 194 166 325 569 382 398 319 391 485 431 293 499 476 73  304 421 342 405 353 112 506 70  393 279 200 357 406 245 364 275 334 94  137 418 518 105 397 318 261 413 101 240 522 284 79  147 493 410 65  411 395 101 562 457 414 184 221 275 201 389 176 485 95  330 432 440 67  319 381 309 269 394 254 406 46  389 53  416 389 163 272 276 183 146 202 124 190 296 410 166 370 287 422 309 261 444 404 212 188 162 302 337 101 170 368 388 325 335 234 426 475 53  168
350 201 147 124 343 630 27  281 201 229 88  252 383 411 0   77  454 459 335 395 452 256 603 425 230 381 487 320 210 452 178 476 342 259 562 332 482 505 544 379 390 355 152 500 332 359 242 445 349 355 394 306 425 8   519 329 371 379 454 235 480 508 398 457 432 267 460 649 75  358 167 479 418 148 167 167 293 312 582 454 340 474 143 449 190 432 305 500 308 313 472 482 540 170 538 332 145 493 122 52  581 190 143 374 460 490 401 622 397 519 515 338 122 252 406 511 396 256 171 554 209 335 438 258 298 444 425 296 490 272 161 251 320 591 314 367 282 316 219 310 485 251 494 476 361 171 453 214 393 390 511 273 109 105 488 421 257 120 314 410 423 355 338 133 527 112 117 502 396 281 551 318 381 292 384 472 129 497 437 245 265 367 237 197 511 346 458 302 484 588 466 478 332 499 556 477 250 138 395 426 465 559 541 160 465 384 486 504 361 630 548 298 89  467 172 46  406 567 318 436 372 373 383 14  234 150 601 454 514 435 332 332 264 490 429 350 541 49  366 414 344 498 424 225 286 249 637 462 352 419 121 123 521 372 258 549 182 465 279 267 641 439 372 359 648 67  247 413 225 256 409 522 389 226 557 429 397 267 159 265 586 237 137 457 201 224 285 323 498 448 271 434 216 552 543 498 236 469 382 504
276 218 105 92  266 572 52  288 124 209 77  237 325 334 77  0   380 465 271 324 451 188 551 400 153 363 414 246 175 456 161 434 329 220 522 333 469 440 505 303 313 278 80  464 309 283 232 435 328 334 317 252 360 69  467 252 362 352 383 220 446 450 327 387 398 225 414 593 107 356 187 483 388 78  134 162 217 324 536 403 284 401 152 376 186 361 254 467 265 252 467 452 497 167 475 272 162 494 129 44  526 121 128 311 383 425 393 569 325 461 476 288 45  262 388 485 383 236 155 490 132 298 397 211 221 418 402 245 445 218 139 199 296 541 290 333 292 243 162 257 409 185 441 479 284 148 437 137 368 379 448 272 57  39  436 356 180 150 302 413 408 282 274 142 473 118 64  477 323 220 502 282 348 304 342 475 127 485 404 175 193 290 159 125 475 333 425 239 414 528 465 438 312 447 508 457 251 81  391 411 389 499 500 137 430 348 412 484 284 575 486 236 74  433 100 31  355 510 241 367 351 377 311 63  200 75  552 381 450 429 286 255 186 469 400 273 499 77  294 421 337 461 360 161 240 183 581 395 351 346 88  152 486 297 224 501 144 408 265 216 586 363 345 283 594 84  171 361 178 186 340 454 319 149 497 400 331 247 106 261 524 186 168 424 127 148 216 281 449 375 201 396 207 495 489 435 238 447 307 433
104 448 330 353 168 271 427 451 259 350 389 366 171 99  454 380 0   543 152 66  511 202 296 374 247 390 34  134 312 531 362 297 393 288 357 453 463 118 350 89  124 126 301 341 352 115 380 458 363 366 103 217 105 445 245 183 428 347 42  364 345 188 66  51  328 274 260 306 438 449 444 550 345 306 334 388 169 483 331 225 188 20  415 5   391 38  225 360 262 177 501 371 321 391 167 171 433 547 408 404 258 264 370 141 113 122 446 306 58  199 332 224 338 448 398 407 417 349 364 168 264 286 284 261 192 376 382 232 279 228 353 247 342 301 345 309 462 137 255 215 46  210 225 543 163 349 429 254 357 423 148 418 348 349 230 102 224 451 389 504 420 98  151 413 234 406 342 412 57  201 282 294 314 473 268 540 393 478 329 210 188 129 232 257 349 395 339 178 68  227 521 307 361 233 302 422 416 322 457 423 43  207 337 352 336 299 33  440 164 295 181 184 385 336 282 409 210 237 167 53  373 483 74  440 308 305 319 3   143 474 243 142 209 428 350 119 326 428 88  523 423 338 108 237 251 212 290 83  451 36  354 449 362 85  301 291 317 186 371 240 308 55  341 115 318 418 214 204 274 200 79  103 77  254 199 349 104 349 308 404 210 258 458 336 253 233 172 264 253 8   185 302 381 229 242 138 415 413 81  70 
502 258 372 376 580 492 450 178 482 266 389 236 372 588 459 465 543 0   406 486 35  424 426 178 520 153 569 488 315 12  306 289 160 296 311 131 115 486 298 541 591 551 444 263 199 546 236 93  183 179 576 343 442 456 377 579 121 196 509 251 242 421 484 503 229 305 314 482 384 112 292 20  206 433 340 302 505 148 362 344 360 551 318 544 278 505 334 243 294 387 62  216 324 298 476 383 314 39  340 432 436 429 336 403 634 466 98  442 501 422 286 323 474 207 147 204 126 245 311 494 509 260 278 327 550 185 169 332 318 353 329 348 212 405 213 234 177 477 376 343 590 413 373 21  595 322 132 502 187 121 463 193 414 438 363 443 531 341 177 51  127 489 405 328 396 352 409 190 507 383 374 258 230 168 276 18  339 114 231 435 453 571 508 443 266 156 232 396 511 479 33  279 191 370 360 157 213 405 89  124 583 461 308 332 240 245 570 162 596 466 473 390 392 241 442 458 338 439 548 491 171 88  488 459 297 458 399 541 471 71  304 537 521 161 205 534 320 412 488 46  137 264 439 405 316 412 482 479 116 516 379 337 261 521 284 363 340 389 212 343 468 577 202 546 467 396 494 346 342 431 464 522 474 523 466 206 439 236 387 205 494 350 325 235 462 477 438 285 350 535 437 257 258 428 405 459 227 160 535 534
97  297 194 219 189 303 308 300 174 197 257 214 67  182 335 271 152 406 0   86  376 86  290 251 188 253 184 93  163 394 214 213 249 135 297 304 342 171 283 135 187 151 192 255 208 143 228 328 222 226 170 66  90  326 211 193 286 214 133 212 249 182 86  133 216 122 181 327 303 304 295 415 224 192 191 240 127 332 293 155 48  167 269 150 241 117 75  269 114 26  372 270 263 242 204 22  287 416 266 282 261 150 227 41  228 155 308 307 99  194 257 84  237 296 266 308 281 197 216 219 193 145 185 109 176 259 258 80  210 78  208 98  196 285 198 176 310 82  117 64  197 86  184 408 200 202 306 182 227 285 177 266 225 233 182 87  180 308 241 362 290 83  3   269 212 266 218 308 104 55  250 149 185 322 146 405 250 358 219 101 95  169 170 151 266 252 235 33  156 258 387 221 217 191 262 308 264 196 317 294 185 229 274 207 236 173 184 331 200 309 215 37  254 237 173 294 113 243 162 113 236 338 84  322 156 201 299 150 179 340 101 143 163 317 233 133 267 300 81  381 277 252 89  110 99  87  313 129 305 118 220 305 280 115 149 253 172 145 220 89  322 173 207 143 330 287 147 114 126 89  81  191 75  195 226 232 63  197 177 252 253 110 313 233 158 151 67  120 201 143 78  197 229 229 227 164 263 298 128 179
60  382 266 290 153 283 367 387 207 283 326 301 118 112 395 324 66  486 86  0   455 140 291 322 203 333 100 84  246 474 296 259 332 222 331 390 413 129 321 74  128 107 243 304 291 96  315 404 304 307 107 152 72  386 226 164 368 291 59  298 304 178 6   65  280 209 223 314 374 388 378 494 294 247 268 322 125 419 313 190 127 83  349 63  325 37  161 322 199 112 448 328 295 325 175 107 367 493 343 344 256 204 305 84  150 123 388 305 15  190 299 164 283 382 343 365 360 284 298 184 217 226 240 194 161 327 330 167 247 162 287 181 281 292 283 253 397 82  190 151 110 146 202 487 156 283 378 206 302 365 150 353 287 290 204 67  185 386 327 445 366 46  86  348 220 341 281 368 23  135 266 233 259 409 215 484 327 428 282 149 130 120 186 199 313 335 295 112 92  236 465 269 300 210 283 375 351 260 399 369 98  211 309 286 293 245 99  395 157 300 189 118 322 294 224 351 163 236 139 45  315 422 14  382 242 248 309 65  148 418 183 112 168 382 300 92  300 366 32  464 361 301 74  173 186 148 299 82  389 31  291 383 327 57  236 272 251 159 307 174 313 90  284 96  322 356 166 159 208 139 35  133 12  210 205 300 53  284 245 339 225 192 392 292 198 181 109 203 227 58  123 256 314 225 231 137 350 365 64  110
472 252 355 361 553 456 441 171 461 248 377 218 339 558 452 451 511 35  376 455 0   399 391 142 497 122 536 460 294 25  291 253 135 272 276 120 82  451 263 511 562 523 425 228 171 517 220 58  154 150 546 314 408 448 342 552 95  164 475 234 207 386 452 469 194 279 278 447 377 95  286 39  171 415 323 290 479 147 327 309 329 518 309 511 266 472 305 208 265 358 32  181 289 286 440 353 307 43  331 421 400 407 323 371 603 431 68  407 469 386 251 292 457 201 113 171 94  224 296 458 487 230 242 301 525 149 134 304 282 327 314 323 185 370 186 202 172 448 353 314 557 388 338 32  567 306 96  480 153 90  427 180 399 423 328 410 507 335 155 46  92  459 375 319 361 342 394 156 476 356 338 229 196 165 242 29  327 84  195 410 427 542 485 421 231 131 197 368 477 443 14  244 164 335 325 122 202 387 63  89  551 425 273 316 204 212 537 129 568 431 437 362 380 206 421 447 304 403 522 458 140 80  456 451 275 439 364 508 436 37  274 509 496 127 170 506 285 404 457 55  116 229 405 381 289 387 447 445 100 484 365 331 226 491 260 328 321 353 192 316 433 545 170 517 432 387 470 311 319 405 432 487 442 501 431 171 407 215 368 190 458 325 320 199 440 454 411 256 314 502 410 221 244 393 369 424 216 125 504 500
106 260 128 151 157 389 229 286 90  175 186 200 149 188 256 188 202 424 86  140 399 0   375 295 112 281 236 79  127 413 170 284 264 128 371 306 382 252 355 144 180 138 107 323 227 136 209 360 245 251 172 98  172 247 295 154 304 250 198 192 312 268 143 201 271 119 255 412 235 314 250 437 272 109 136 194 82  323 373 235 113 221 217 198 203 177 105 333 139 74  402 327 340 198 289 93  235 441 208 204 347 66  171 127 240 237 331 392 144 280 328 136 152 274 300 365 308 187 170 302 112 179 251 97  126 307 300 102 286 73  156 76  213 369 212 217 296 70  59  101 239 11  268 431 173 154 345 101 265 309 261 255 148 152 265 168 112 251 248 376 324 105 89  214 297 205 141 362 144 51  332 173 229 308 202 427 193 399 275 16  29  156 95  65  334 268 294 57  228 344 412 290 235 275 343 354 246 120 336 328 222 315 348 155 297 221 235 380 174 395 299 58  183 299 88  213 188 329 125 180 264 346 129 243 134 115 382 202 263 366 144 118 99  365 282 124 343 226 114 392 287 320 172 35  112 13  399 207 313 166 151 249 347 130 141 334 121 230 217 82  407 200 242 136 415 216 75  192 89  6   152 266 133 118 312 282 143 192 106 240 338 77  259 292 72  69  30  153 281 195 18  258 201 315 312 248 240 344 143 248
349 489 456 479 444 70  578 442 465 397 516 390 227 392 603 551 296 426 290 291 391 375 0   262 477 312 295 365 396 416 440 151 345 348 120 409 311 178 129 364 414 399 477 163 320 387 407 334 315 313 392 298 221 595 83  455 356 278 256 401 186 114 285 246 217 338 149 56  552 387 505 421 243 474 438 462 406 454 68  149 267 286 496 300 449 274 298 183 297 302 365 210 102 462 131 282 509 408 504 551 37  436 469 249 407 174 352 19  303 101 140 264 523 458 300 223 326 377 446 137 484 280 182 345 450 248 270 307 125 333 448 352 323 21  330 263 452 358 388 294 325 373 109 413 446 439 295 472 274 337 147 416 498 512 114 226 465 539 363 411 309 333 287 501 78  509 490 237 311 332 57  299 254 457 229 413 490 318 213 391 386 410 459 439 160 344 201 318 228 83  393 157 327 103 66  269 430 470 369 310 335 91  118 449 193 242 298 268 447 40  118 318 515 191 459 569 196 58  429 255 305 414 304 593 375 487 33  292 152 359 272 403 448 265 237 384 106 560 320 432 371 162 220 393 316 374 56  216 393 298 482 535 165 348 352 65  421 145 374 336 43  350 279 387 47  543 436 190 377 379 257 203 285 484 100 236 249 368 446 410 105 366 536 200 448 441 357 284 106 291 369 197 425 67  63  158 438 266 354 235
349 257 295 310 438 323 406 192 373 196 338 174 204 431 425 400 374 178 251 322 142 295 262 0   404 54  397 342 225 166 246 115 94  185 164 150 91  309 147 385 438 403 352 103 92  395 186 85  76  71  421 199 269 418 203 440 94  48  337 190 78  244 319 330 51  185 136 319 357 125 283 180 29  344 265 259 368 196 207 166 203 379 288 375 238 336 191 90  155 238 128 64  163 256 298 229 295 174 305 381 266 323 281 238 473 288 91  280 337 245 125 167 392 214 37  86  64  168 253 316 399 115 100 206 417 20  8   193 144 222 265 226 104 242 111 78  200 331 264 197 420 286 196 172 450 255 55  390 32  74  285 174 343 364 186 272 407 327 120 152 50  334 250 296 221 314 336 77  345 246 206 124 66  202 107 170 295 107 53  309 321 421 389 334 110 92  61  251 336 305 150 107 93  194 196 60  193 323 107 53  416 285 152 267 69  78  398 86  451 302 296 246 339 71  342 406 164 266 409 320 55  151 326 419 201 366 241 371 293 106 153 392 394 71  27  385 161 375 330 173 113 102 267 287 184 285 317 304 132 350 314 323 112 365 178 197 256 211 147 214 306 413 56  395 307 357 370 171 234 301 296 345 310 409 290 28  272 157 299 173 319 234 318 62  351 359 299 141 174 365 302 79  211 254 232 281 206 49  378 358
145 316 165 177 113 481 205 363 40  256 197 285 255 184 230 153 247 520 188 203 497 112 477 404 0   385 278 119 206 509 230 396 362 226 482 394 489 332 467 161 161 130 95  435 329 137 289 464 348 354 168 210 260 222 399 99  402 358 261 272 424 365 208 268 382 221 366 508 244 407 295 534 383 106 191 247 79  402 481 343 224 268 258 242 265 237 216 445 248 183 504 439 450 252 375 201 274 541 239 189 445 92  214 227 231 322 431 493 199 377 440 248 108 345 406 476 410 275 227 386 21  288 363 199 68  417 408 212 396 182 208 178 315 472 312 326 371 122 144 213 268 119 372 529 131 212 453 19  373 411 349 336 149 136 370 255 27  277 342 469 429 157 191 251 399 232 147 473 195 163 438 280 339 384 314 525 228 505 387 96  92  139 18  77  446 366 406 167 295 435 511 402 335 380 450 464 322 137 434 433 247 407 459 206 409 332 275 490 131 492 388 169 192 411 86  184 298 426 90  249 369 436 189 216 222 87  487 248 348 467 256 109 38  475 393 130 453 222 170 483 382 432 261 117 219 119 494 284 405 218 175 276 459 161 237 441 185 332 307 189 505 219 349 137 514 220 40  300 178 106 230 336 203 7   402 393 230 283 143 322 426 173 291 404 58  44  121 263 389 243 111 370 273 413 413 335 312 453 167 310
350 205 260 271 433 371 364 137 351 155 296 129 219 436 381 363 390 153 253 333 122 281 312 54  385 0   416 339 192 141 205 162 41  159 219 96  106 339 201 389 440 401 323 156 56  395 139 78  37  31  424 193 289 375 247 433 45  44  356 146 131 281 330 350 95  163 177 369 310 74  232 162 69  314 229 213 360 142 260 201 207 398 241 390 191 351 184 144 144 236 120 118 216 210 335 231 246 162 259 340 313 299 239 249 481 318 55  331 347 284 178 169 360 160 25  136 27  127 211 354 378 108 139 186 407 73  50  183 190 208 225 208 70  293 74  80  146 327 241 192 436 271 237 154 447 216 73  370 40  33  318 121 307 330 227 290 392 278 68  115 45  337 253 250 265 269 301 124 354 236 255 108 78  148 124 152 251 122 99  294 309 420 371 311 164 38  112 247 360 349 133 155 52  236 247 96  142 290 68  48  430 327 206 227 121 93  417 123 447 351 334 241 298 123 316 366 187 310 402 338 17  105 334 376 169 337 293 387 326 86  152 388 380 109 75  384 214 331 335 136 59  156 286 267 170 270 365 327 80  362 275 274 167 369 149 247 222 243 101 199 356 423 49  395 358 313 355 195 208 288 310 374 320 389 331 76  286 116 267 122 361 212 268 113 329 341 291 134 218 381 292 119 164 298 277 313 154 88  382 383
137 481 364 388 191 264 460 483 292 382 423 398 197 115 487 414 34  569 184 100 536 236 295 397 278 416 0   167 346 557 396 313 421 320 368 482 485 118 362 117 143 152 335 357 381 143 413 482 391 394 124 249 127 479 254 207 455 373 60  397 363 195 99  67  349 306 277 300 472 477 478 575 368 340 368 422 200 514 337 242 218 18  449 38  424 67  257 377 292 210 525 390 331 425 164 202 467 571 442 438 258 298 404 170 114 128 472 304 92  205 346 253 371 480 423 425 443 381 398 162 295 315 304 294 220 398 405 264 293 262 387 281 371 303 374 335 494 171 289 246 29  244 237 568 184 383 451 285 382 449 151 450 383 382 243 125 254 485 419 531 444 132 183 447 240 440 376 430 92  235 289 324 339 505 293 565 427 499 350 244 222 152 263 290 364 424 359 212 70  221 545 324 390 244 309 443 449 356 484 448 43  204 349 386 355 324 3   460 185 290 178 218 419 355 315 442 232 237 194 78  399 512 108 474 341 338 321 35  144 499 272 170 240 449 372 148 337 462 122 551 451 354 130 271 283 246 284 96  480 70  388 483 377 117 333 299 351 200 402 273 303 68  367 143 313 453 246 226 308 235 108 94  110 284 196 371 132 381 343 436 203 292 492 356 287 266 206 294 265 42  219 323 414 231 247 143 448 434 110 60 
30  339 205 227 96  364 293 361 125 251 259 274 157 109 320 246 134 488 93  84  460 79  365 342 119 339 167 0   205 476 249 305 328 198 386 376 432 212 373 64  104 63  167 348 288 59  285 416 305 309 93  145 144 311 292 100 367 302 143 268 342 251 89  149 308 187 271 393 309 381 329 499 316 173 215 273 42  397 377 243 140 155 296 129 282 119 154 362 194 103 459 363 352 277 257 114 314 501 285 271 332 132 250 123 161 204 391 380 81  264 348 174 203 351 354 400 366 259 249 267 132 231 277 167 86  351 348 155 299 136 235 147 275 363 275 265 371 11  138 146 165 89  265 492 108 233 396 122 316 369 231 329 217 215 265 139 102 328 315 441 378 38  95  293 289 282 211 400 78  105 331 230 275 384 239 489 271 449 312 81  57  82  102 123 358 331 328 92  176 317 472 313 297 273 346 399 322 192 399 382 146 290 363 234 329 264 165 423 109 377 270 98  256 330 148 274 204 312 70  129 321 414 70  306 209 170 378 135 230 425 189 50  85  409 324 47  356 297 51  459 354 345 145 113 171 91  378 165 381 101 227 326 372 53  212 336 200 223 288 148 390 123 294 59  399 288 82  204 166 75  111 217 84  126 285 324 115 263 182 314 307 152 337 326 119 99  53  205 286 129 61  290 278 299 302 217 317 389 65  192
229 136 69  87  282 430 187 160 167 50  121 79  188 314 210 175 312 315 163 246 294 127 396 225 206 192 346 205 0   304 50  266 162 49  352 188 298 325 334 269 307 265 131 291 137 263 84  268 156 162 299 110 247 202 313 277 200 177 296 67  272 310 247 296 224 58  251 445 156 202 132 330 213 122 43  77  207 198 372 247 147 329 108 310 78  280 106 293 99  137 305 277 330 79  349 150 124 338 109 161 378 114 72  192 366 306 230 415 255 320 305 134 168 147 216 309 214 70  54  366 194 126 228 57  245 243 227 96  280 85  52  65  123 384 118 159 170 195 69  114 354 116 289 325 299 43  265 188 193 212 323 131 117 139 282 245 219 149 139 264 237 224 165 109 323 113 110 302 258 111 343 108 173 182 173 321 94  315 230 132 155 284 195 128 302 166 251 134 318 391 308 268 140 294 346 283 119 98  231 241 339 363 331 52  257 174 345 310 300 426 355 128 120 259 127 183 202 365 249 276 179 230 239 202 25  145 392 311 327 266 124 245 212 295 225 251 331 164 229 277 178 289 246 97  81  114 435 289 199 277 90  146 312 253 49  340 30  265 102 75  436 322 170 263 442 147 185 210 39  132 244 350 236 208 362 225 225 79  75  116 393 54  151 250 147 164 152 113 290 304 144 224 73  350 338 311 113 273 266 341
490 251 362 366 568 481 442 171 471 256 380 226 360 576 452 456 531 12  394 474 25  413 416 166 509 141 557 476 304 0   296 277 149 285 301 122 107 475 288 529 579 540 434 253 187 534 226 82  171 167 564 331 429 448 366 567 109 184 497 241 232 410 471 491 218 293 302 472 377 102 285 27  194 423 330 293 494 142 352 333 348 539 310 532 269 493 322 233 282 375 54  206 314 289 464 371 307 42  332 423 425 418 327 391 622 454 86  432 488 410 276 311 464 200 135 195 114 234 301 482 498 248 266 315 539 173 157 320 306 342 320 337 200 395 201 222 170 465 365 331 578 402 362 24  583 312 121 492 175 108 451 184 404 428 352 431 520 334 166 42  115 477 393 320 385 343 400 181 495 371 363 246 217 161 263 20  330 106 219 424 442 559 497 432 256 145 221 384 499 468 26  268 179 359 350 147 205 395 77  112 571 450 298 322 229 233 558 153 584 456 461 378 383 230 431 450 326 428 537 479 159 79  475 451 286 447 389 529 459 60  292 525 509 152 193 522 310 404 475 41  126 254 427 393 305 401 472 467 105 504 370 330 251 509 272 353 330 377 202 331 458 565 190 534 457 388 483 334 331 419 452 510 461 512 455 194 427 225 376 195 483 338 318 224 451 466 426 273 338 522 425 245 249 417 394 447 218 150 522 522
275 91  67  70  319 477 160 135 190 50  91  76  238 358 178 161 362 306 214 296 291 170 440 246 230 205 396 249 50  296 0   303 168 93  387 174 309 376 368 314 349 307 142 324 154 306 70  274 171 177 342 160 298 171 358 311 201 200 347 59  303 358 297 347 255 106 292 490 114 195 82  323 240 131 38  26  246 173 411 293 197 379 57  359 35  330 156 323 143 188 306 304 368 29  398 201 74  334 63  135 424 140 34  243 410 357 232 460 304 368 340 182 167 114 229 333 222 78  6   416 215 162 266 107 279 266 247 146 321 136 23  115 142 426 136 190 142 240 110 164 403 159 335 319 336 18  278 211 215 218 373 113 108 132 327 296 248 100 141 254 248 271 216 60  369 70  103 324 307 161 385 144 204 155 213 315 50  324 260 171 195 325 223 154 335 172 281 184 369 440 305 304 154 339 387 300 94  100 229 251 387 411 367 26  288 209 395 327 337 472 405 178 93  291 145 161 249 412 286 327 194 218 288 172 66  155 434 361 377 267 170 286 243 313 251 294 369 129 277 264 175 322 297 137 130 157 481 340 191 326 74  96  344 299 88  382 49  313 104 126 481 368 194 306 486 111 217 257 88  174 295 401 286 231 411 251 276 89  87  100 442 104 101 280 172 194 197 156 333 354 188 259 47  397 384 361 83  291 312 392
302 341 332 352 399 209 453 291 373 256 387 245 148 372 476 434 297 289 213 259 253 284 151 115 396 162 313 305 266 277 303 0   193 217 88  258 183 209 71  331 386 358 370 44  170 348 261 195 164 162 366 189 193 468 88  406 206 127 256 258 51  135 254 247 66  210 36  207 418 236 361 288 92  364 309 323 341 303 108 71  172 297 356 299 307 262 185 64  169 213 233 79  64  322 189 196 367 278 367 427 151 333 335 184 406 191 206 170 274 134 44  150 415 307 152 111 178 233 309 207 397 141 37  223 389 104 123 192 29  222 315 237 175 133 182 116 301 295 277 185 340 278 86  280 407 306 157 386 123 188 181 266 378 396 77  196 392 398 212 267 164 285 211 362 107 373 370 118 283 234 93  159 104 306 92  279 354 195 62  301 304 374 378 340 53  193 56  229 246 190 258 10  177 82  88  139 281 353 222 166 340 172 65  316 49  96  315 150 408 189 185 226 387 47  355 447 101 151 375 243 153 265 268 468 242 382 135 294 189 218 149 353 376 141 88  340 65  430 277 288 220 41  190 290 195 279 203 217 242 280 356 394 67  312 218 86  294 113 226 221 195 344 128 348 197 412 357 102 256 290 227 246 248 402 178 87  206 223 328 260 205 249 393 53  353 354 277 153 61  289 285 47  281 140 117 180 290 132 322 265
342 164 227 237 419 400 327 99  326 120 259 92  224 430 342 329 393 160 249 332 135 264 345 94  362 41  421 328 162 149 168 193 0   137 257 67  140 354 239 382 431 391 293 193 40  386 100 106 32  32  417 184 296 337 275 418 39  66  362 109 169 303 330 357 128 144 202 401 271 56  191 173 103 284 195 175 345 110 296 223 205 403 201 392 152 355 175 183 135 228 142 158 251 171 355 226 206 178 220 304 342 273 202 251 477 333 68  363 346 307 215 168 329 120 65  177 54  93  174 374 353 106 165 166 390 113 90  172 220 193 190 188 52  326 52  92  108 316 218 184 439 253 261 167 434 181 111 346 71  50  336 80  273 296 251 297 372 238 28  114 81  331 248 210 291 230 267 165 352 223 287 99  96  112 137 163 213 156 132 275 293 410 350 287 202 4   148 236 370 374 148 188 31  261 281 136 100 258 72  83  431 351 242 192 156 111 421 163 435 382 356 230 261 159 288 329 200 338 388 343 40  90  332 338 141 308 327 390 343 104 149 376 361 149 111 374 249 293 330 132 30  192 294 246 156 252 396 337 58  362 241 233 206 363 125 280 190 262 64  182 389 421 66  386 391 275 335 209 184 271 313 388 319 366 354 112 289 83  237 81  385 190 227 149 305 319 277 129 246 384 276 147 125 324 304 329 113 129 376 393
