300
0   57  77  194 360 233 506 133 371 404 361 69  417 349 57  461 268 380 388 195 270 514 358 201 408 461 198 421 270 229 472 55  377 390 311 380 122 353 239 344 436 117 180 270 446 441 386 274 181 325 253 427 255 84  363 320 326 384 129 287 52  200 324 308 115 232 152 306 450 386 281 475 456 426 62  293 335 437 348 304 249 383 355 115 461 141 35  316 400 188 337 154 325 400 136 320 252 91  208 310 111 427 450 162 74  114 468 36  343 365 388 312 182 374 305 305 400 250 175 411 386 464 330 440 285 360 168 409 274 248 432 345 275 109 340 19  207 301 369 43  373 110 97  342 122 459 400 79  104 15  180 228 79  384 328 178 356 355 91  319 234 407 123 465 207 331 236 399 455 167 432 445 94  485 457 235 170 295 366 250 267 156 450 413 133 138 43  303 339 183 440 115 78  361 432 166 262 185 250 99  180 352 446 120 333 404 303 82  369 262 315 86  346 90  352 133 418 317 376 99  323 83  347 132 262 63  157 389 335 46  338 173 83  176 503 434 111 182 436 258 108 296 445 152 374 427 148 161 204 73  89  267 225 214 425 435 252 242 185 48  55  273 434 331 251 210 478 274 260 430 251 469 435 30  221 84  293 183 184 130 380 68  349 146 382 377 361 362 498 232 347 231 467 264 405 355 436 523 434 132
57  0   31  138 306 179 449 93  315 363 305 89  360 295 83  404 210 350 336 152 234 456 302 144 351 404 171 367 213 176 415 60  319 357 273 325 73  301 187 290 400 91  141 224 391 397 328 240 125 307 235 385 230 71  309 271 271 339 74  258 35  153 288 252 89  213 95  249 394 350 236 418 426 386 34  238 286 393 315 288 232 340 298 129 406 185 90  268 364 155 283 123 277 369 125 268 231 77  156 294 55  374 393 108 90  58  413 93  287 307 332 281 212 318 261 276 345 217 140 364 335 406 280 390 249 305 148 356 220 196 375 298 247 160 285 62  183 247 317 22  339 103 105 298 175 401 343 47  111 63  129 188 28  327 275 202 304 329 142 261 204 350 175 411 150 280 230 367 419 170 394 401 38  430 400 229 216 239 309 222 219 139 424 370 173 98  100 253 297 179 406 95  93  304 380 172 225 150 192 92  212 300 388 147 275 384 246 99  312 238 274 73  318 34  297 169 367 280 331 105 273 62  305 172 226 76  150 365 285 85  290 213 89  195 447 388 161 134 379 249 120 272 407 185 319 370 169 189 162 26  36  218 169 168 392 382 196 200 186 105 49  249 390 314 223 161 425 236 227 385 207 412 377 39  177 93  235 164 127 182 341 94  320 130 335 320 305 305 441 229 290 199 412 225 366 301 413 466 385 111
77  31  0   131 303 156 432 112 295 333 296 82  341 271 113 384 198 319 311 164 249 440 296 128 340 387 140 344 206 178 402 53  306 326 286 321 45  302 161 267 369 116 157 232 368 368 315 258 122 277 206 355 199 101 305 243 250 310 53  227 66  163 257 246 114 184 89  236 373 319 246 401 395 356 21  216 291 364 284 259 203 310 279 115 383 185 104 240 333 124 259 145 249 338 153 270 201 55  160 265 38  350 374 84  81  40  391 109 267 294 312 250 202 313 232 295 323 235 159 336 309 394 253 363 264 283 173 332 197 171 364 269 267 166 281 87  206 246 291 33  308 81  90  269 183 389 327 21  95  87  133 158 47  309 275 190 306 298 150 250 224 337 182 388 135 283 204 336 389 148 364 372 46  408 381 203 217 234 300 242 225 166 394 340 171 117 118 226 267 154 375 68  123 287 355 152 194 168 178 122 202 275 372 138 260 353 236 89  299 208 285 52  287 22  292 164 341 295 302 89  246 40  275 170 195 68  125 335 258 113 295 210 75  180 427 359 166 105 365 221 106 242 376 177 297 360 157 178 132 5   51  190 164 178 361 357 190 170 164 122 80  219 361 285 192 169 401 251 245 356 218 395 360 50  188 80  223 189 121 189 310 90  289 103 306 310 284 287 421 203 272 218 389 239 335 278 382 448 358 137
194 138 131 0   171 96  321 100 200 317 167 214 241 198 197 284 77  340 244 91  165 325 165 46  214 277 203 262 75  56  280 185 186 335 191 189 109 173 121 191 366 132 105 122 282 338 194 182 16  332 273 335 249 152 173 201 164 276 89  262 151 77  265 114 132 253 43  115 278 322 139 292 408 343 153 139 168 334 301 323 273 287 177 240 298 317 228 203 335 178 189 127 212 351 169 143 263 178 52  326 94  277 272 83  212 93  304 231 170 173 211 276 329 181 215 222 235 167 117 291 250 271 202 304 178 195 161 255 125 127 238 233 202 296 149 194 169 117 226 157 320 199 216 243 313 265 214 149 219 197 46  180 116 203 145 314 178 330 280 126 166 214 312 300 41  156 293 350 386 259 353 336 100 314 277 293 349 102 172 182 110 164 419 314 303 100 237 177 255 255 377 177 192 178 281 266 213 118 68  165 330 214 258 267 147 396 108 220 177 260 183 177 316 110 160 295 279 202 267 214 201 165 262 302 216 200 230 370 208 209 174 342 203 302 325 318 297 117 244 301 231 290 366 307 208 232 282 306 156 133 106 157 32  86  368 285 58  179 270 242 159 271 325 343 238 71  318 163 173 317 121 283 249 176 100 209 102 172 10  319 301 221 312 202 266 183 193 181 321 297 171 157 300 151 324 197 413 339 301 145
360 306 303 171 0   209 229 238 189 384 59  386 198 226 350 225 126 440 262 184 174 221 37  191 99  195 353 248 100 131 158 357 111 424 160 20  279 35  234 220 437 269 206 120 254 383 111 194 182 461 416 392 385 300 7   271 190 330 259 386 312 172 367 61  270 399 214 107 234 407 124 209 492 407 325 198 71  380 403 459 419 351 162 411 268 488 395 277 416 329 226 242 282 443 290 55  403 349 154 460 266 275 212 244 384 265 269 397 172 106 180 390 500 30  306 219 221 200 219 328 278 151 259 316 174 199 262 253 201 233 110 297 221 466 25  357 243 60  253 327 414 369 387 316 482 144 148 320 390 360 181 312 281 162 38  484 44  442 449 94  216 108 482 264 182 53  447 441 457 424 419 375 268 262 213 448 521 70  61  219 112 273 514 370 475 235 402 249 339 417 452 345 338 147 275 433 334 212 152 304 502 254 170 439 130 508 86  392 103 395 141 349 427 281 19  467 294 170 323 385 267 336 344 474 338 372 394 479 265 365 82  514 375 471 252 353 467 267 136 450 402 418 430 479 203 97  453 477 298 304 272 256 139 161 450 282 114 303 433 407 317 404 366 473 373 158 286 168 198 355 146 195 172 345 163 381 115 264 182 488 377 393 418 366 316 77  193 152 252 453 164 208 262 164 395 212 514 246 319 270
233 179 156 96  209 0   279 185 139 221 176 223 185 116 257 229 84  249 159 187 258 289 186 50  206 234 145 188 116 142 260 201 166 241 279 221 113 226 27  112 270 214 200 208 212 242 175 276 108 254 206 238 175 223 208 106 93  180 104 180 206 173 173 150 212 190 107 109 217 227 224 247 314 246 175 59  235 238 209 250 209 190 126 232 227 323 260 107 239 122 105 217 116 258 254 205 194 176 147 251 123 197 219 71  219 120 234 265 112 156 157 188 315 205 119 316 167 262 212 199 162 252 109 217 270 127 252 177 41  31  231 137 298 314 184 241 265 174 140 190 227 188 211 146 333 249 178 161 212 242 141 103 169 156 199 296 234 243 301 124 263 200 330 232 55  217 239 256 290 228 257 242 153 252 226 240 355 144 179 278 194 253 327 218 307 187 275 83  159 216 281 162 259 137 202 238 128 214 58  241 318 126 223 263 115 309 124 223 162 186 268 179 228 144 192 294 193 291 172 209 107 170 166 306 132 211 198 282 115 263 244 341 205 279 271 224 314 67  223 241 224 210 270 301 141 231 268 294 89  160 163 61  107 181 273 205 111 95  233 279 218 195 230 265 163 166 246 256 268 223 212 243 210 206 195 210 97  265 98  337 205 232 222 171 172 182 128 136 265 246 118 253 233 244 228 122 323 295 213 230
506 449 432 321 229 279 0   418 142 298 180 502 96  185 518 60  243 385 175 382 399 24  199 304 130 44  401 129 257 317 78  479 139 359 389 213 391 264 284 185 344 452 404 339 108 270 132 420 337 447 436 292 400 474 222 244 188 250 379 381 470 366 335 236 451 429 359 207 82  340 348 31  403 312 452 222 300 269 360 458 442 275 152 508 108 601 536 252 341 385 196 437 249 375 484 281 423 455 339 454 395 151 64  348 498 392 101 540 166 151 121 369 587 198 286 447 128 422 418 226 193 82  226 187 401 158 465 146 240 276 121 247 447 593 227 510 456 269 186 464 358 465 490 267 612 89  107 440 490 512 356 346 433 122 263 566 271 403 580 199 434 123 609 98  299 281 483 374 357 495 323 256 416 73  56  485 633 248 176 441 327 472 437 275 585 417 549 241 295 478 360 440 514 145 146 506 344 414 257 486 591 203 64  541 174 459 220 502 148 407 370 458 391 416 218 572 181 399 249 487 239 449 294 584 347 490 467 430 226 528 311 617 483 549 39  237 593 344 93  474 501 412 328 577 145 134 542 567 350 435 424 275 299 362 368 151 274 329 496 553 480 411 253 458 389 352 113 393 421 243 362 38  72  482 370 489 218 471 331 616 307 511 378 443 236 158 154 144 45  493 160 426 95  387 311 170 446 18  196 461
133 93  112 100 238 185 418 0   301 400 252 182 341 296 112 383 175 407 341 61  140 421 244 135 303 374 240 361 162 108 370 154 280 407 180 258 127 225 205 290 444 33  48  137 382 426 288 147 83  379 310 420 297 61  242 291 263 364 112 319 81  68  336 194 33  288 77  211 378 397 148 389 479 425 126 236 204 422 368 364 309 372 277 222 398 273 168 291 411 219 286 36  300 422 70  191 303 167 85  368 97  376 371 135 184 99  404 168 270 268 311 338 305 257 295 183 335 123 47  384 345 362 294 400 155 295 70  354 220 212 325 321 154 243 221 124 96  177 322 115 391 193 198 327 255 356 311 133 204 128 62  239 66  302 202 296 226 390 224 219 112 305 257 400 135 202 314 420 465 260 435 426 66  414 377 314 304 180 257 130 136 68  484 401 264 5   171 268 335 266 453 179 100 277 380 264 276 56  168 68  305 309 354 240 246 451 199 193 271 306 182 164 378 94  233 261 376 187 356 198 291 151 342 263 278 170 237 429 300 128 205 304 182 289 424 409 245 173 336 330 214 340 448 278 308 317 263 283 212 109 60  241 119 82  442 384 145 245 276 176 81  318 415 388 288 80  418 143 133 408 117 380 346 130 87  187 200 85  92  263 381 187 376 213 357 271 293 280 420 314 271 106 401 132 405 296 475 436 397 46 
371 315 295 200 189 139 142 301 0   203 130 361 46  51  390 89  129 275 73  279 321 157 152 173 120 100 259 65  157 215 145 340 83  253 326 186 252 222 142 47  256 333 299 261 82  196 88  343 217 321 300 207 264 350 183 112 46  149 242 250 340 263 212 157 333 291 232 104 79  235 274 111 314 224 314 80  249 193 243 328 305 172 28  366 98  459 399 120 241 242 59  326 120 271 370 221 286 314 233 325 260 88  80  210 357 257 103 404 30  84  23  243 444 166 154 378 36  337 313 141 91  139 94  127 328 17  359 65  99  133 138 126 369 453 172 378 359 197 69  328 247 323 348 147 472 139 63  301 347 379 243 205 302 35  206 424 231 286 440 107 345 109 469 99  169 228 344 270 274 353 237 186 285 115 87  346 491 164 130 356 246 363 341 186 443 301 413 102 175 336 272 298 389 42  89  364 207 311 132 365 448 77  96  398 65  348 128 360 88  272 309 317 272 281 170 429 105 338 143 345 106 309 176 442 211 350 324 318 97  398 261 475 342 406 132 164 452 202 115 338 359 282 246 434 14  146 400 425 207 299 295 133 188 263 273 95  169 189 354 417 351 277 178 333 253 250 118 317 340 167 278 111 81  345 275 348 109 368 209 476 202 370 260 300 133 118 12  36  126 354 31  336 99  308 215 33  345 157 130 346
404 363 333 317 384 221 298 400 203 0   329 359 223 158 446 240 282 91  132 409 477 321 349 271 323 274 213 172 318 360 337 353 286 62  493 385 291 412 197 164 53  425 421 422 190 46  291 496 329 172 199 23  171 425 379 119 193 54  297 137 398 395 85  338 423 206 323 281 217 45  438 277 111 25  342 193 433 43  82  192 206 32  224 338 191 429 417 115 43  217 157 435 107 77  466 402 189 317 367 185 316 147 241 267 353 313 198 424 212 285 221 112 386 365 105 536 186 483 432 72  113 333 126 114 487 189 470 157 199 190 340 88  518 441 362 419 486 373 134 364 67  309 333 74  460 334 264 325 329 417 362 176 367 238 391 364 421 117 436 291 484 312 455 201 276 412 249 76  73  297 36  59  352 228 248 251 454 339 329 499 407 469 140 24  412 403 436 144 66  273 68  293 456 242 152 308 143 435 266 446 391 129 284 368 253 162 306 352 290 171 480 322 109 333 364 396 117 506 60  330 120 322 58  412 143 354 280 134 119 445 444 430 337 345 265 67  438 232 313 229 336 155 49  390 189 349 354 374 201 338 364 161 325 402 71  147 321 163 288 438 412 167 54  181 168 387 192 474 489 60  431 285 270 374 416 341 277 484 319 461 25  368 96  272 69  319 195 237 257 260 221 475 204 462 13  173 148 304 104 444
361 305 296 167 59  176 180 252 130 329 0   376 139 171 361 168 99  390 204 207 219 176 22  172 52  142 321 189 91  144 119 349 52  373 211 56  264 94  197 164 383 285 230 159 195 326 53  240 181 418 380 336 347 312 53  220 137 275 246 343 317 192 319 59  285 365 210 67  176 355 168 157 438 351 318 151 126 323 354 419 383 297 105 396 209 480 395 227 363 298 172 264 231 391 312 102 367 335 168 419 257 216 155 225 374 255 210 398 116 46  121 344 483 35  258 269 161 241 244 271 221 111 207 257 221 141 290 194 158 194 73  244 267 462 48  361 277 89  196 324 364 352 373 264 479 104 89  310 375 364 190 276 282 102 84  466 103 394 446 51  254 57  478 205 163 105 415 390 401 401 364 317 267 205 157 416 512 72  5   260 147 298 462 314 465 250 404 200 289 391 397 327 352 88  216 411 293 238 124 320 485 199 118 426 76  460 59  380 43  357 193 336 380 276 42  455 236 223 268 371 216 324 292 464 297 363 371 431 212 374 137 502 362 451 199 295 463 240 88  415 387 376 375 465 145 65  436 461 265 298 273 212 137 186 397 222 109 265 408 409 324 365 308 430 335 178 228 213 241 297 182 144 116 342 192 368 79  294 177 485 324 384 370 343 260 22  135 94  198 422 107 246 204 207 340 155 463 198 260 290
69  89  82  214 386 223 502 182 361 359 376 0   408 330 126 451 277 324 365 241 322 512 377 205 418 457 147 403 288 260 478 29  382 337 362 403 113 384 220 327 386 175 230 312 429 400 391 329 204 262 191 383 199 147 387 291 315 347 129 232 108 241 276 328 172 172 171 314 437 336 325 471 399 379 61  280 372 396 295 239 186 342 349 45  442 103 61  286 350 143 318 210 294 346 201 352 192 47  242 246 119 404 441 155 6   121 450 69  335 370 380 259 123 394 268 363 386 305 228 377 359 470 304 411 338 348 230 389 262 229 443 312 333 91  363 89  267 329 346 67  320 51  30  306 110 466 400 65  37  84  214 187 117 379 357 114 388 297 80  328 291 415 107 449 213 365 168 345 403 98  385 406 124 471 449 167 136 316 381 308 305 220 390 371 89  187 81  279 297 116 388 68  147 359 410 96  216 238 255 164 123 328 445 58  334 341 317 13  376 205 363 44  289 104 374 81  391 369 340 32  295 53  304 88  216 13  92  329 308 114 376 128 22  109 493 398 91  159 441 192 39  237 397 96  362 439 82  100 168 82  125 241 247 256 372 411 272 204 116 82  117 214 396 266 197 249 459 325 315 393 296 466 432 54  266 19  301 246 204 114 335 9   295 89  347 389 350 359 487 164 341 287 450 314 358 340 376 518 404 193
417 360 341 241 198 185 96  341 46  223 139 408 0   89  434 43  165 304 91  314 348 112 162 217 110 57  304 55  189 249 113 386 87  279 347 191 298 233 188 89  274 374 335 287 55  206 87  369 257 357 342 223 305 392 192 150 92  171 288 289 384 298 246 180 373 334 274 135 39  260 298 66  333 241 360 127 265 204 274 366 347 195 63  412 69  506 445 158 264 288 100 364 157 297 409 239 328 361 268 363 305 84  33  256 404 303 71  450 73  94  29  279 490 171 193 402 38  366 349 154 110 109 132 127 353 61  395 67  145 180 121 158 396 499 186 423 393 219 96  374 276 369 394 179 518 111 51  347 394 424 281 250 347 41  222 470 242 318 487 132 376 99  516 67  213 244 387 296 290 399 253 194 329 74  41  389 538 189 137 385 272 401 363 203 490 341 459 145 207 381 290 345 432 65  82  410 249 346 173 406 494 110 61  445 96  378 155 407 96  313 329 363 304 326 181 476 111 359 167 391 145 355 207 489 252 397 370 348 133 442 277 521 389 452 86  172 499 249 91  379 405 321 262 481 49  132 446 471 253 344 339 178 224 297 294 89  203 233 399 463 395 317 188 369 294 285 88  343 368 177 306 68  46  391 307 394 143 403 250 523 227 417 292 347 155 121 58  61  80  397 70  366 66  335 236 73  370 111 133 385
349 295 271 198 226 116 185 296 51  158 171 330 89  0   374 127 139 225 45  284 339 202 191 161 168 147 216 73  173 225 196 311 129 204 348 227 226 256 110 7   211 327 302 280 98  158 135 359 213 270 252 165 215 339 221 61  39  104 220 200 323 269 161 184 326 244 221 127 109 186 294 156 267 180 288 60  280 154 192 278 257 126 67  330 112 425 373 69  193 202 12  325 69  223 366 250 238 283 239 275 239 80  120 187 325 237 120 379 54  127 73  192 404 207 104 397 58  351 315 104 55  190 43  106 347 34  359 60  76  101 188 76  384 421 206 357 365 222 29  305 197 288 314 97  441 190 114 274 313 358 243 161 286 86  236 383 265 235 411 135 356 158 437 118 161 258 297 221 230 311 193 151 269 141 128 299 455 188 171 368 264 362 293 143 408 297 389 55  124 293 226 264 376 85  85  323 159 315 132 356 408 28  146 362 96  298 153 328 132 223 333 286 221 260 207 393 81  361 97  311 56  279 126 407 162 320 284 268 46  380 291 438 310 365 167 130 421 171 166 289 323 232 204 396 41  195 361 386 168 275 280 91  193 272 226 88  181 144 311 393 335 228 141 282 205 258 130 334 354 131 293 158 131 321 285 315 127 370 204 444 154 339 209 262 89  162 40  80  160 307 63  346 120 324 169 18  296 198 105 342
57  83  113 197 350 257 518 112 390 446 361 126 434 374 0   478 275 430 417 171 236 523 354 217 411 474 248 445 269 219 477 111 384 437 277 370 156 338 268 369 482 84  152 247 468 480 392 235 182 379 307 468 307 51  354 353 347 422 155 336 50  180 369 303 83  286 159 313 469 432 255 488 505 469 106 316 315 476 396 359 303 423 370 172 484 185 79  351 446 235 363 119 360 449 89  304 305 144 196 365 135 454 466 189 131 138 491 75  361 371 405 361 235 368 344 262 422 211 143 447 417 468 361 471 250 381 124 435 298 278 433 381 232 148 333 37  163 289 397 84  420 165 154 381 156 462 411 123 162 42  171 271 88  398 315 233 338 406 129 323 194 411 159 488 221 314 292 448 501 224 477 484 105 505 472 292 211 290 366 208 247 111 502 453 181 115 71  334 380 240 487 166 22  374 459 223 306 153 261 54  233 381 456 175 344 458 305 140 375 314 283 138 396 116 345 184 448 281 414 156 355 132 388 180 307 120 213 442 367 19  315 219 140 233 520 471 151 217 441 314 166 348 489 204 395 426 203 215 245 108 95  300 224 193 473 462 251 283 242 76  39  325 473 385 301 193 503 240 221 468 224 480 446 80  196 141 300 137 187 164 424 125 399 200 418 379 381 376 515 289 363 192 488 231 448 378 489 536 467 93 
461 404 384 284 225 229 60  383 89  240 168 451 43  127 478 0   207 325 115 354 383 81  190 260 128 39  343 68  228 289 106 430 117 299 379 214 342 260 231 127 287 416 375 322 50  215 114 405 300 386 377 235 340 436 218 184 135 191 332 321 428 338 275 215 416 370 318 175 23  280 333 37  346 254 404 170 294 213 300 397 382 215 107 454 55  548 488 192 283 328 138 406 189 316 451 270 363 404 309 394 349 93  13  300 447 346 51  493 117 127 73  308 531 195 226 436 69  403 390 168 132 105 166 131 387 103 436 85  188 222 131 187 431 542 216 466 432 253 126 418 298 412 437 207 562 110 79  391 436 468 323 289 390 81  253 510 269 343 530 171 414 118 559 47  256 274 423 315 301 438 266 201 373 37  12  425 580 226 165 422 309 442 379 217 532 383 503 183 234 420 303 387 475 106 88  450 284 386 216 449 535 143 60  487 137 399 194 450 127 347 361 406 330 370 209 518 123 391 189 434 179 399 233 531 288 440 411 370 166 486 306 563 432 492 42  181 542 291 98  414 447 352 272 522 89  144 487 512 294 388 383 218 266 336 310 93  243 271 438 507 438 351 197 398 330 325 68  378 404 186 343 48  53  435 346 437 184 444 293 566 248 460 317 388 176 147 101 103 37  434 114 405 44  370 253 113 388 71  139 428
268 210 198 77  126 84  243 175 129 282 99  277 165 139 275 207 0   325 184 150 199 248 105 72  141 199 227 193 36  87  204 251 109 313 212 138 165 143 109 132 334 209 170 142 211 293 118 220 94  337 290 295 259 230 125 163 100 233 148 262 228 134 249 66  209 273 117 38  204 297 157 214 384 307 220 88  155 289 286 334 292 249 103 296 227 381 300 167 308 203 133 198 174 330 243 124 277 235 104 335 160 212 195 125 275 158 232 304 99  96  136 269 383 124 190 258 165 212 184 241 194 196 156 244 208 127 230 189 84  109 165 193 245 364 101 270 230 94  168 228 300 252 273 208 382 190 136 211 275 272 115 187 191 126 116 366 150 322 349 51  218 139 381 228 63  135 321 329 354 302 319 288 175 240 201 322 413 61  104 230 126 235 401 273 366 175 311 138 228 293 347 228 270 101 215 312 211 182 26  242 386 161 180 326 70  389 41  281 101 270 198 236 307 179 109 355 220 224 225 271 161 225 233 365 214 264 272 361 163 286 165 403 263 351 248 267 365 142 168 324 288 294 331 365 139 162 336 361 172 201 182 135 59  135 342 220 42  178 310 316 237 279 277 349 247 122 247 196 215 268 154 205 171 246 147 269 25  239 87  388 270 286 300 244 221 111 124 104 244 327 98  208 228 185 291 132 399 261 244 220
380 350 319 340 440 249 385 407 275 91  390 324 304 225 430 325 325 0   213 428 505 407 408 294 394 358 181 257 361 391 417 325 354 29  528 445 284 465 221 230 75  426 436 457 277 134 360 523 349 88  139 108 125 419 437 170 253 134 296 93  386 417 75  387 424 154 334 333 303 46  474 362 75  90  323 242 480 132 39  113 145 110 292 294 280 376 385 163 50  195 220 443 159 24  467 449 134 289 393 105 313 234 325 272 318 310 288 393 277 351 296 69  323 426 135 563 266 507 445 161 194 412 184 204 518 259 477 240 241 218 413 149 542 395 417 397 499 419 208 345 28  274 295 128 413 413 338 306 289 395 382 167 360 311 440 302 473 32  394 346 504 384 407 290 301 460 182 23  86  244 87  149 349 318 333 185 397 386 392 521 443 474 78  116 360 410 405 191 101 220 70  265 443 310 240 253 131 450 304 440 329 197 365 319 314 74  356 314 356 119 517 294 35  325 421 343 204 540 137 292 174 297 99  360 128 322 235 44  180 425 490 371 303 285 354 158 392 234 389 159 293 90  93  334 263 421 299 316 194 324 360 190 356 427 51  235 359 163 231 406 400 111 145 95  128 412 283 504 514 152 461 369 350 351 441 305 327 492 340 412 78  331 30  235 149 385 265 305 346 194 287 495 293 491 80  243 74  392 195 446
388 336 311 244 262 159 175 341 73  132 204 365 91  45  417 115 184 213 0   330 383 196 225 206 191 145 240 47  217 271 205 348 157 188 392 260 266 294 149 52  185 372 348 324 72  122 161 404 259 271 265 134 229 383 257 77  83  79  262 207 366 315 160 225 371 261 266 169 93  169 338 150 243 152 327 105 320 119 185 283 271 104 99  360 82  456 411 84  173 230 55  371 78  205 411 290 251 317 285 279 281 39  113 228 360 278 90  417 92  158 89  193 430 239 114 441 53  396 361 67  19  200 61  60  391 63  405 29  121 139 207 72  429 456 244 398 411 264 19  345 185 320 346 92  475 202 132 312 344 398 289 186 329 106 276 409 303 228 446 175 401 180 471 90  206 298 313 204 202 336 164 112 312 117 121 315 486 230 204 414 309 407 272 113 439 342 428 85  119 316 200 298 419 115 45  348 175 361 178 400 434 37  152 393 134 287 194 362 162 235 376 321 215 302 243 424 36  404 76  343 72  316 118 438 178 356 311 257 58  421 331 466 344 390 149 90  454 207 180 302 355 237 174 425 59  217 389 413 198 315 323 123 239 318 204 46  226 169 334 431 378 238 104 282 219 304 95  379 399 93  338 156 137 360 330 349 170 416 250 478 136 374 202 291 64  191 69  110 141 324 99  392 92  369 145 52  278 185 60  387
195 152 164 91  184 187 382 61  279 409 207 241 314 284 171 354 150 428 330 0   85  382 195 137 260 340 276 343 126 65  327 212 243 424 122 204 167 167 212 278 457 87  22  76  361 429 250 98  80  412 347 426 329 120 189 292 248 367 147 346 143 16  354 148 88  326 97  179 353 412 86  355 498 434 182 227 143 425 389 400 347 378 253 278 377 334 230 294 425 253 277 58  303 441 106 133 339 220 46  404 139 361 341 159 242 140 382 230 249 231 286 362 364 206 305 137 315 78  36  381 338 318 292 391 100 276 83  338 215 218 280 324 114 305 170 186 80  124 313 174 409 245 254 334 317 312 278 186 259 190 46  264 124 273 146 353 167 416 286 184 75  263 318 378 132 143 359 439 477 311 445 426 118 388 346 359 365 135 212 92  75  91  507 406 324 57  232 268 346 314 467 228 157 249 364 316 299 32  152 122 364 303 318 299 218 480 161 251 233 339 122 217 403 143 182 320 366 130 358 253 292 204 353 323 301 228 286 456 299 188 144 365 238 344 393 408 307 197 295 372 270 371 457 337 289 270 320 341 238 162 116 248 91  22  458 369 111 265 325 238 143 350 416 422 319 29  397 86  86  407 55  344 312 190 25  243 171 89  89  325 392 246 399 260 357 228 274 253 390 360 248 66  378 74  415 281 500 400 389 86 
270 234 249 165 174 258 399 140 321 477 219 322 348 339 236 383 199 505 383 85  0   393 200 211 269 361 361 387 165 117 332 294 266 499 41  193 252 144 285 331 527 154 92  61  400 492 270 21  158 495 432 492 411 188 181 358 300 431 232 427 219 92  430 168 156 411 181 217 387 485 51  376 572 502 266 286 108 488 466 484 432 445 293 362 416 412 305 361 498 337 333 117 369 516 151 119 423 305 112 487 225 409 370 242 324 226 419 303 294 255 322 441 446 203 377 58  358 29  95  441 394 324 354 443 15  323 116 385 278 289 283 390 48  379 172 258 82  130 368 255 485 330 338 402 389 317 303 271 343 263 128 344 206 307 137 436 140 495 360 216 48  276 391 415 204 122 444 514 548 397 513 487 202 420 373 444 441 158 223 45  75  129 584 471 403 135 303 333 417 400 539 313 216 284 411 401 378 85  211 182 445 361 337 380 256 561 193 333 256 422 50  302 481 228 181 401 419 47  422 337 357 289 424 402 381 310 371 535 361 254 102 443 322 428 417 467 381 279 306 457 353 453 526 418 333 271 403 423 319 247 199 319 151 79  531 416 157 344 411 309 216 433 477 505 401 94  436 6   24  467 46  363 334 270 66  326 213 109 167 397 462 327 477 345 419 241 319 289 416 446 290 45  414 14  485 331 578 417 443 142
514 456 440 325 221 289 24  421 157 321 176 512 112 202 523 81  248 407 196 382 393 0   193 312 124 56  416 150 258 317 64  489 140 381 381 204 400 255 297 201 367 454 404 335 131 294 132 414 341 467 454 315 418 478 214 262 201 272 387 400 476 366 356 234 454 446 365 210 104 362 342 46  426 335 461 235 292 292 382 477 459 297 163 521 131 613 544 270 364 399 213 437 268 397 485 274 440 466 339 474 403 174 83  358 509 400 125 548 178 152 134 389 601 191 305 440 147 417 418 249 214 70  244 210 394 173 465 167 252 289 111 267 441 603 221 517 454 265 206 472 380 477 501 288 622 77  113 449 502 519 359 362 439 133 256 581 262 425 590 201 430 119 619 121 306 274 500 396 380 510 346 279 422 97  75  502 645 246 172 436 323 473 460 298 597 419 557 257 316 493 383 452 518 153 169 521 361 413 264 489 604 222 68  553 181 481 221 513 149 425 362 468 412 423 211 584 204 391 270 498 257 459 315 596 365 500 481 452 244 534 302 630 495 563 63  260 603 356 87  492 513 432 352 589 161 124 555 581 364 443 430 290 301 361 391 174 275 345 511 561 485 430 276 479 407 352 137 387 416 266 359 46  79  490 368 500 223 470 336 626 329 521 399 457 258 154 169 153 69  510 171 422 118 382 334 186 469 31  219 462
358 302 296 165 37  186 199 244 152 349 22  377 162 191 354 190 105 408 225 195 200 193 0   176 69  162 331 211 89  135 133 349 74  391 191 37  267 71  209 184 403 276 218 142 217 347 75  221 177 433 392 356 359 305 31  238 156 295 248 358 312 181 336 50  277 376 208 78  198 373 149 177 458 372 318 167 104 344 371 433 395 316 126 399 231 481 393 245 382 307 192 253 249 410 301 82  379 338 159 433 257 238 177 229 375 256 233 395 136 69  143 360 487 19  274 248 184 224 232 292 242 125 225 279 202 162 277 216 172 206 85  263 248 461 28  357 262 73  217 322 382 356 376 282 478 118 111 311 379 360 183 288 279 125 64  470 80  411 445 63  237 76  477 228 166 84  425 408 422 408 384 338 264 227 179 426 513 64  24  243 130 286 481 334 466 241 401 217 307 399 417 332 344 110 238 417 307 225 131 312 489 219 138 428 95  477 63  382 66  369 172 338 396 275 19  457 258 202 288 374 234 326 311 466 311 364 377 448 231 368 116 504 365 456 219 316 462 247 106 427 391 390 395 468 166 75  440 465 275 297 270 227 133 173 416 245 106 277 415 406 318 378 330 445 347 167 250 194 223 319 166 163 137 341 178 370 89  280 175 484 343 385 387 349 280 42  156 115 219 432 128 229 226 189 360 176 482 217 282 280
201 144 128 46  191 50  304 135 173 271 172 205 217 161 217 260 72  294 206 137 211 312 176 0   212 259 165 229 91  98  273 179 177 288 236 206 92  201 74  155 319 166 149 165 252 293 186 229 58  289 233 289 207 178 192 157 131 231 76  217 167 124 219 130 165 214 60  109 252 275 182 274 361 296 149 101 202 289 254 281 234 241 153 224 267 308 232 158 288 140 151 167 166 305 205 174 222 163 98  283 90  241 249 53  203 88  274 236 143 165 187 230 311 194 168 269 205 213 161 249 210 265 159 264 224 164 202 220 85  81  237 188 249 294 167 206 214 145 187 160 273 180 201 197 312 260 199 140 203 208 91  135 130 182 173 294 207 285 279 123 213 209 310 270 10  187 258 303 340 233 307 292 112 288 256 258 341 121 176 229 152 203 372 269 294 137 244 133 208 225 330 156 217 159 245 241 167 163 49  195 313 174 244 254 131 350 113 208 170 218 226 164 270 111 176 283 240 247 223 199 157 153 216 293 170 192 202 324 165 225 211 330 191 280 303 275 294 77  237 264 215 246 320 293 178 234 264 289 114 131 122 110 65  133 321 249 80  133 241 249 178 228 281 300 195 118 286 209 220 273 166 267 233 178 147 196 95  214 48  317 254 214 265 174 222 183 163 160 298 263 146 204 271 197 278 162 367 322 261 181
408 351 340 214 99  206 130 303 120 323 52  418 110 168 411 128 141 394 191 260 269 124 69  212 0   96  349 165 141 196 67  392 42  373 259 86  305 135 223 163 376 337 282 211 164 313 34  290 229 433 401 326 367 363 92  226 144 269 289 359 366 245 327 111 337 388 256 103 141 354 218 110 434 344 361 167 170 310 360 436 405 292 102 434 176 521 441 233 361 327 173 317 235 391 365 151 388 375 220 435 301 194 116 264 415 299 176 444 118 50  102 356 520 69  267 317 141 293 296 258 210 58  210 237 271 135 343 174 179 217 25  245 317 506 97  409 330 141 189 369 366 390 412 265 523 52  60  352 414 411 241 299 330 85  133 501 143 402 490 90  306 11  522 171 204 151 440 390 394 434 356 302 314 165 116 442 554 124 48  312 199 351 461 305 506 302 451 210 292 422 392 365 403 84  192 444 311 291 163 372 522 196 71  465 91  466 105 421 44  376 240 376 388 320 88  495 218 269 263 410 221 365 295 505 315 405 404 436 214 423 181 542 403 485 153 280 506 273 37  438 426 392 366 504 133 27  473 498 293 342 321 230 186 238 393 199 159 286 439 456 373 383 294 445 355 231 193 263 292 283 234 95  74  387 245 409 117 347 225 529 322 427 377 377 253 32  129 88  153 449 108 298 169 258 335 151 465 148 242 343
461 404 387 277 195 234 44  374 100 274 142 457 57  147 474 39  199 358 145 340 361 56  162 259 96  0   360 102 214 274 67  434 96  333 353 182 346 231 241 145 323 408 361 301 88  252 91  382 293 414 399 271 362 429 188 207 145 224 334 346 425 324 303 195 407 390 314 163 60  314 310 15  383 291 407 179 266 250 330 423 404 249 108 465 94  557 491 216 317 343 157 393 214 350 440 244 385 411 296 420 350 129 33  303 454 347 91  495 122 108 78  336 545 165 250 411 93  383 376 203 164 66  189 169 364 117 423 118 196 233 94  214 409 549 190 465 415 231 152 419 330 421 446 235 567 70  62  395 446 467 313 306 388 78  226 524 239 373 535 155 394 87  565 86  254 246 444 349 338 453 302 239 371 73  28  446 589 207 138 402 288 430 414 252 541 373 504 201 263 437 339 396 469 100 125 464 306 372 212 442 548 167 25  497 129 432 178 458 106 370 335 413 360 371 182 528 158 364 221 443 202 405 263 541 310 446 425 402 190 483 277 574 439 507 57  218 548 300 62  437 457 378 309 534 106 108 499 525 308 390 380 234 255 320 345 130 230 289 455 509 435 375 234 426 352 310 107 355 383 223 323 11  28  437 328 445 174 429 286 572 281 467 347 400 209 120 113 99  57  454 116 385 84  349 287 130 422 62  177 417
198 171 140 203 353 145 401 240 259 213 321 147 304 216 248 343 227 181 240 276 361 416 331 165 349 360 0   284 254 259 397 144 307 191 392 365 113 365 125 216 239 253 278 325 311 255 316 374 204 138 71  237 58  242 352 163 216 206 130 88  207 268 129 292 251 50  179 254 325 189 341 370 257 232 142 184 367 251 149 124 71  198 257 126 322 220 206 156 203 24  204 277 163 201 293 340 63  107 252 128 142 278 336 120 141 140 331 213 241 298 281 113 189 350 131 414 274 355 284 238 230 390 180 276 375 242 309 268 170 131 373 176 389 228 328 216 336 310 223 164 174 96  120 166 247 387 312 125 115 213 233 54  185 287 337 168 372 157 223 269 348 342 243 330 175 353 94  200 257 96  238 262 176 355 344 95  248 284 325 365 313 303 253 226 203 245 225 160 153 77  242 83  263 272 285 107 72  291 201 263 194 205 354 157 257 213 268 138 304 67  385 113 148 150 336 187 259 402 200 116 168 116 160 203 71  143 71  194 182 243 375 227 125 149 384 256 226 87  362 99  123 101 250 186 255 374 149 172 56  145 186 125 229 281 227 285 245 72  95  227 220 78  253 147 52  268 336 360 363 251 320 370 339 169 295 128 242 324 197 249 188 155 151 58  209 326 246 270 376 100 250 340 332 348 211 230 241 414 268 275
421 367 344 262 248 188 129 361 65  172 189 403 55  73  445 68  193 257 47  343 387 150 211 229 165 102 284 0   222 280 166 385 137 231 390 242 300 282 183 77  221 393 362 326 26  152 139 408 278 318 312 169 276 408 242 122 98  122 293 254 395 327 207 222 393 307 289 169 46  212 339 105 281 188 362 129 312 149 231 330 318 147 93  402 39  497 446 129 215 272 85  389 125 248 431 284 298 356 297 326 312 29  69  259 399 309 47  452 93  142 68  241 474 222 161 443 28  403 376 101 64  163 104 71  393 67  422 17  147 174 177 119 434 495 233 430 423 261 61  378 229 360 386 139 514 165 104 347 385 430 306 230 357 86  268 453 291 274 484 171 410 154 511 45  228 290 360 247 236 381 200 139 340 70  76  362 527 229 187 421 311 426 312 150 480 362 462 125 166 361 237 337 446 104 27  392 221 375 194 424 478 80  113 434 130 331 193 401 145 282 373 359 261 333 230 465 56  402 120 383 117 353 165 480 225 393 354 301 103 452 323 509 383 434 102 117 494 244 146 349 396 285 208 468 54  188 432 456 239 348 350 163 251 328 243 33  234 212 379 466 406 285 133 329 266 315 57  382 405 122 343 113 100 394 339 388 174 431 269 517 179 413 248 333 107 172 69  98  94  371 96  401 47  373 185 66  320 138 77  407
270 213 206 75  100 116 257 162 157 318 91  288 189 173 269 228 36  361 217 126 165 258 89  91  141 214 254 222 0   60  208 260 118 349 176 116 179 111 143 166 371 196 147 106 238 329 126 186 89  370 320 331 291 221 101 200 134 269 160 296 225 110 285 40  196 302 119 54  228 333 121 229 420 343 228 125 119 325 322 366 322 286 129 312 254 391 304 204 345 230 168 179 211 367 226 89  308 250 81  367 168 243 215 144 286 167 258 306 129 106 161 304 400 106 226 223 194 180 161 277 229 199 193 278 173 158 208 220 120 144 164 230 212 372 76  269 204 58  203 233 337 269 288 245 388 193 151 222 291 272 100 218 191 148 83  384 118 357 355 58  188 142 388 253 81  101 348 366 391 324 355 323 176 263 220 349 424 30  96  198 91  215 437 310 377 161 313 175 264 317 384 245 261 124 246 332 244 158 57  231 402 197 193 340 93  424 36  293 109 301 161 249 343 185 86  368 253 188 261 286 197 237 270 377 248 275 294 396 200 282 129 416 276 370 267 303 373 168 173 353 303 327 367 380 168 157 353 377 201 208 181 171 45  108 379 251 17  211 333 318 232 311 313 382 279 96  274 161 183 303 121 219 186 251 118 282 47  215 86  394 307 296 335 266 257 109 154 128 264 354 125 178 253 151 328 165 435 275 278 203
229 176 178 56  131 142 317 108 215 360 144 260 249 225 219 289 87  391 271 65  117 317 135 98  196 274 259 280 60  0   263 231 178 383 138 151 163 125 169 218 410 141 87  67  297 375 185 136 58  387 329 375 304 169 135 241 187 314 142 316 180 50  315 85  141 308 90  114 288 369 84  289 456 385 199 170 114 371 351 378 329 328 188 291 313 361 264 244 381 234 218 120 252 400 168 92  318 228 23  381 143 299 276 139 259 142 317 266 186 165 221 328 379 148 261 175 252 125 101 326 280 255 238 331 128 214 148 276 161 173 217 273 159 336 113 225 144 71  254 198 369 251 266 285 351 249 212 197 270 229 49  234 150 208 98  365 128 382 319 118 130 199 351 313 89  105 348 398 431 313 396 372 138 323 280 349 393 72  149 143 54  155 469 354 348 106 271 216 300 310 422 230 209 184 302 320 265 98  94  176 380 246 252 316 153 449 96  267 168 315 128 227 368 155 125 342 307 149 306 264 240 214 307 347 269 246 284 422 245 234 120 388 252 354 327 352 338 172 230 357 281 344 409 355 226 209 333 356 211 178 141 202 34  48  415 307 46  231 324 276 185 326 361 398 293 36  333 114 130 352 71  278 246 216 59  257 106 155 62  358 345 267 363 256 303 164 211 188 324 352 184 121 313 102 368 220 464 335 330 146
472 415 402 280 158 260 78  370 145 337 119 478 113 196 477 106 204 417 205 327 332 64  133 273 67  67  397 166 208 263 0   453 96  393 318 141 365 192 273 193 387 403 349 275 155 318 87  352 295 466 444 335 408 429 151 257 183 284 350 395 431 312 357 178 404 433 321 166 127 374 281 73  446 354 423 213 229 315 387 473 448 309 140 492 161 581 504 265 378 378 204 384 265 410 432 212 430 434 287 471 364 194 99  323 475 362 158 508 156 108 122 388 575 128 300 377 151 357 363 267 224 8   239 235 332 163 409 180 228 266 48  270 379 567 161 474 396 207 209 432 389 447 471 291 585 14  85  413 472 476 308 345 395 112 195 556 199 430 553 154 371 65  584 153 266 211 486 409 403 487 366 304 379 137 95  488 613 191 114 376 264 418 477 316 565 369 516 246 319 473 403 422 469 125 190 498 351 358 224 439 578 221 52  523 145 491 171 480 103 416 299 435 416 383 150 554 222 328 281 468 252 425 320 565 355 466 457 461 242 489 239 601 462 539 112 283 568 328 37  481 484 428 374 561 155 61  529 554 343 405 386 274 252 305 408 196 225 330 491 520 439 422 299 478 396 298 173 325 355 288 300 58  67  451 311 468 179 413 290 591 341 487 404 431 269 99  157 127 116 495 147 363 151 321 350 178 484 93  242 410
55  60  53  185 357 201 479 154 340 353 349 29  386 311 111 430 251 325 348 212 294 489 349 179 392 434 144 385 260 231 453 0   357 336 333 375 88  355 201 308 382 149 202 282 410 391 366 301 175 269 197 376 200 123 359 276 294 336 103 232 84  212 271 300 146 176 143 288 417 332 295 448 401 374 31  259 343 387 293 248 193 333 326 69  424 131 64  272 346 136 299 183 280 345 178 323 196 36  212 254 91  387 420 131 30  93  432 71  313 345 358 258 152 366 257 335 366 277 201 365 344 445 288 396 309 327 205 371 241 210 416 299 306 114 335 74  241 300 329 39  318 54  47  295 133 440 376 39  53  71  185 177 88  356 328 142 359 299 100 302 264 389 130 430 187 336 182 344 401 116 380 397 94  451 427 181 164 288 353 281 276 195 394 363 118 159 83  262 288 129 386 60  129 335 393 116 210 210 229 142 152 311 421 87  309 348 289 39  350 207 334 31  291 75  346 111 376 341 329 47  279 32  296 117 210 16  102 333 293 101 347 157 31  135 472 387 114 140 416 203 61  240 392 125 341 413 109 129 155 52  96  225 218 227 371 395 244 193 133 85  94  217 386 275 196 219 441 296 287 383 267 443 409 31  237 34  274 221 175 137 329 36  295 90  335 362 328 335 466 178 319 259 431 285 353 320 381 496 390 168
377 319 306 186 111 166 139 280 83  286 52  382 87  129 384 117 109 354 157 243 266 140 74  177 42  96  307 137 118 178 96  357 0   334 262 105 269 146 181 123 339 314 265 205 142 279 9   287 201 391 359 290 324 337 105 184 102 231 254 317 337 227 286 99  314 346 226 71  124 315 215 112 396 307 327 125 178 276 319 394 363 254 62  396 156 485 409 192 322 286 133 298 194 352 345 153 346 338 200 393 268 165 104 227 379 265 158 412 76  12  70  314 481 85  225 318 111 287 279 224 174 87  169 207 269 96  326 143 137 176 65  205 314 471 99  379 318 135 152 336 326 352 375 225 489 83  38  317 376 381 218 257 300 51  135 462 155 361 456 60  298 34  487 153 170 157 399 351 357 394 320 269 284 155 107 400 517 110 50  306 192 333 422 269 469 279 420 168 252 381 354 327 378 43  165 404 269 275 128 348 484 157 74  427 50  426 81  384 10  334 244 339 346 287 94  458 186 273 225 372 180 329 255 469 273 369 364 396 173 395 190 505 366 446 152 247 471 233 59  396 388 350 330 466 97  69  434 459 252 309 292 188 161 223 355 171 135 244 399 425 345 341 261 403 313 213 175 260 287 250 227 100 69  355 232 372 84  332 196 494 283 391 336 338 216 35  90  48  150 407 66  289 152 253 297 112 425 157 211 322
