300
0   252 137 519 136 200 451 386 366 341 247 389 461 215 174 326 367 443 461 249 8   418 345 476 321 288 516 492 440 231 241 456 408 372 366 414 61  430 467 433 341 345 502 458 197 246 305 471 407 449 365 220 327 481 464 189 548 433 438 104 195 122 488 380 430 311 365 516 405 512 127 418 472 486 134 292 322 422 100 229 324 536 47  141 381 413 402 208 158 334 304 97  92  297 370 14  171 239 208 546 57  514 109 86  205 141 196 350 308 150 97  292 357 376 349 272 371 560 320 292 193 469 368 447 280 143 75  319 241 304 345 498 340 192 340 521 481 422 268 475 177 542 347 397 407 343 268 423 66  391 416 127 366 162 453 275 279 252 274 242 18  150 84  378 242 355 247 204 254 116 298 419 230 221 212 261 159 208 486 556 205 352 202 114 171 316 273 149 230 411 27  362 418 287 276 376 317 234 85  211 261 176 344 439 366 195 89  510 297 462 202 392 312 487 381 267 253 442 191 302 285 462 155 337 361 373 340 288 203 304 278 48  374 166 56  291 321 182 362 504 417 268 257 329 361 487 282 83  176 336 464 491 288 427 465 173 308 34  385 202 406 495 362 467 246 465 286 331 367 331 381 370 446 129 231 236 448 345 451 440 258 275 318 105 261 78  106 403 199 429 227 331 310 304 448 295 438 144 314 246
252 0   174 302 153 163 199 142 118 303 131 243 275 241 238 176 114 217 215 128 245 197 202 283 186 271 265 240 270 163 174 267 179 127 233 184 192 177 256 181 232 223 251 214 98  76  195 269 178 231 254 165 174 249 260 77  311 228 248 152 239 165 242 256 236 276 183 264 177 266 249 214 262 276 172 150 77  220 260 55  244 289 242 203 273 168 260 71  293 301 145 168 234 311 216 258 166 215 99  303 201 265 144 177 124 326 194 162 286 220 255 284 155 230 182 155 120 320 210 213 148 217 187 195 258 182 276 312 146 131 322 253 344 225 216 290 237 224 151 222 205 309 95  190 246 184 151 176 237 269 164 196 156 259 290 191 166 19  25  281 257 225 228 151 281 183 272 206 28  174 249 200 49  111 121 12  143 243 250 319 183 158 155 165 84  119 189 237 29  179 242 157 184 271 188 155 229 228 169 237 31  135 342 268 210 80  164 260 92  217 86  139 141 235 128 50  127 236 97  67  299 271 124 228 120 202 87  158 51  256 64  268 289 227 233 49  270 217 147 289 252 226 46  168 112 248 105 175 85  182 226 246 224 279 213 96  196 217 187 198 182 280 166 218 202 253 42  165 252 78  130 146 250 188 170 194 199 246 261 269 184 124 246 269 147 175 208 203 144 215 220 91  72  149 197 121 278 176 290 66 
137 174 0   475 23  225 358 280 266 390 116 386 438 99  249 316 281 391 353 242 134 295 341 343 185 342 432 406 305 94  261 431 290 268 368 358 111 339 427 341 204 208 399 387 83  211 168 340 289 403 380 82  193 423 335 153 486 397 411 113 85  158 414 389 299 359 340 427 351 438 74  382 433 357 4   282 252 387 91  183 351 461 99  205 398 341 265 171 119 385 287 52  69  366 234 133 204 282 89  477 124 436 102 60  205 155 63  221 361 222 87  350 319 240 216 137 277 494 330 316 210 384 344 349 330 11  117 381 246 177 401 426 409 74  203 465 410 293 133 382 233 483 260 271 397 330 267 349 171 402 325 189 242 87  316 293 282 164 186 317 129 225 67  324 317 335 316 74  191 22  337 372 132 211 83  178 176 95  368 494 69  319 65  149 97  193 291 232 166 354 112 237 302 341 292 256 181 107 77  94  167 48  410 304 356 94  80  429 180 353 176 300 183 387 295 165 244 313 173 240 353 329 156 350 254 240 255 154 143 344 226 123 403 61  161 195 361 63  240 462 405 135 202 196 284 423 159 69  91  201 401 419 318 290 378 148 171 113 351 247 355 452 328 362 280 337 216 313 379 246 284 252 315 185 94  100 371 364 425 425 120 146 348 99  126 79  181 275 213 386 98  227 246 173 366 169 301 188 367 137
519 302 475 0   452 333 207 278 263 319 419 173 88  541 407 204 223 85  271 273 510 347 197 435 443 337 162 170 460 458 300 85  322 275 197 119 458 203 52  210 489 475 243 124 400 274 464 414 323 71  222 462 423 67  403 334 75  86  95  416 540 400 125 204 408 317 158 184 124 117 548 100 47  402 472 233 226 97  554 296 266 123 525 403 224 154 483 314 594 323 218 458 528 377 446 529 360 331 400 100 461 135 415 463 316 621 495 385 333 409 550 348 162 460 415 435 242 93  236 273 334 170 155 228 330 483 563 355 286 387 339 112 378 527 469 45  113 396 432 199 378 60  239 370 146 186 260 153 476 204 212 409 355 561 481 275 255 316 297 394 529 413 521 150 393 170 378 507 284 471 302 102 349 298 420 301 362 544 323 77  483 166 455 405 379 361 276 424 308 124 519 361 312 337 272 337 498 525 450 537 318 437 369 456 174 383 443 151 347 276 318 226 392 231 213 329 268 391 328 235 373 432 363 232 288 421 239 429 333 301 249 549 257 529 478 300 299 519 345 14  138 514 273 414 205 86  374 458 383 427 95  116 288 489 181 348 463 487 134 352 119 23  157 257 314 386 260 193 216 246 245 329 412 403 465 488 149 241 86  121 471 399 275 563 431 455 431 385 326 90  518 295 229 408 168 382 476 387 331 358
136 153 23  452 0   203 341 265 250 368 111 362 415 119 231 292 262 369 339 218 131 286 317 340 185 321 413 388 305 98  238 408 279 253 345 336 100 322 404 324 210 212 384 367 67  187 172 335 278 381 356 88  191 402 329 129 465 374 388 94  107 139 394 365 294 337 316 409 329 419 96  358 410 351 20  258 231 364 107 160 328 441 105 187 375 321 268 148 141 363 263 41  83  347 234 134 183 260 76  457 113 417 83  51  182 173 79  215 340 205 104 330 296 241 213 136 260 473 307 293 188 366 320 333 309 34  129 360 223 170 380 406 388 96  206 443 390 287 132 365 213 462 242 264 373 306 243 329 161 378 308 171 233 111 317 270 259 144 167 298 131 208 79  302 298 311 297 91  168 23  315 350 113 187 76  157 155 117 357 473 81  296 68  131 74  184 268 215 143 332 114 229 290 320 269 245 189 124 64  114 148 40  390 303 333 75  65  410 168 339 152 282 177 372 277 148 220 307 149 218 334 326 134 327 240 237 236 152 120 322 203 130 380 84  151 177 339 84  230 439 381 148 179 193 264 402 149 58  69  200 380 399 295 293 360 125 174 107 328 226 333 429 305 347 258 331 194 289 356 227 268 241 310 166 100 111 351 341 402 401 127 140 325 116 125 68  166 269 190 363 115 211 224 168 347 161 302 169 346 121
200 163 225 333 203 0   327 297 269 165 261 189 266 322 84  130 246 268 362 63  192 359 146 446 333 120 371 352 431 276 40  262 339 282 165 247 148 304 280 311 374 369 387 302 202 98  334 432 338 268 166 271 326 308 423 96  376 246 244 117 310 80  333 180 398 134 174 379 236 354 277 233 285 438 221 99  189 235 268 108 129 378 222 70  183 263 414 93  323 160 115 181 245 153 372 213 29  59  212 380 146 361 125 179 38  329 279 322 138 77  264 131 178 384 339 291 262 390 119 95  16  330 177 331 107 236 263 161 46  286 178 339 192 299 362 344 323 387 286 346 50  367 233 353 208 148 72  274 146 191 294 77  319 305 450 75  80  178 187 118 215 82  235 213 118 163 110 292 141 208 112 242 186 55  233 175 49  320 405 383 276 169 253 88  149 279 73  94  134 244 209 320 342 119 76  318 363 324 160 317 192 219 191 428 169 182 154 363 252 365 77  276 296 369 256 209 68  399 69  165 140 434 69  137 278 361 224 300 126 119 136 241 181 285 150 212 136 287 310 318 218 339 129 322 228 320 258 171 161 335 298 334 94  435 331 86  336 175 199 35  234 310 179 361 55  415 166 139 167 217 274 309 413 72  282 301 300 147 257 242 305 270 124 277 280 162 100 366 18  247 314 252 174 299 309 275 437 57  144 211
451 199 358 207 341 327 0   89  93  408 266 280 245 394 411 251 85  144 65  267 444 143 267 228 262 398 78  52  256 306 316 236 120 95  290 127 391 23  193 18  304 288 61  83  275 231 288 207 122 167 320 315 241 140 196 269 167 193 226 350 400 357 86  310 204 390 216 68  134 105 432 187 196 195 357 254 139 193 449 233 341 119 439 386 333 80  284 255 472 408 237 364 425 443 252 457 343 359 269 146 400 93  343 373 292 513 355 197 405 400 445 412 183 266 226 270 81  166 300 325 318 39  217 21  386 363 470 432 289 215 429 101 463 387 283 169 94  192 269 23  376 174 104 170 263 243 275 72  433 318 35  383 164 433 276 312 282 201 178 433 455 405 420 137 432 228 420 363 201 364 365 155 228 273 282 190 328 400 119 174 340 195 316 359 282 188 311 418 223 124 440 171 108 398 308 144 319 372 368 391 193 311 457 252 255 266 362 80  186 70  267 59  217 43  72  193 264 185 280 163 434 225 315 309 110 226 112 259 249 369 192 465 363 399 430 164 376 383 157 203 262 350 205 231 99  121 214 373 279 242 114 95  341 287 27  288 286 417 193 360 142 195 193 53  342 179 169 233 315 121 74  139 206 375 313 334 59  327 231 263 310 238 347 457 271 374 400 183 311 171 366 133 154 234 39  215 273 361 406 222
386 142 280 278 265 297 89  0   28  410 180 305 295 307 377 258 69  200 74  247 379 77  279 173 174 390 167 141 186 220 297 285 51  15  308 172 329 79  251 75  217 201 119 155 198 199 199 155 51  222 336 229 153 211 143 220 251 240 271 292 314 308 168 331 136 388 236 156 174 190 352 230 256 152 279 248 117 237 371 190 344 207 368 344 352 125 205 211 389 409 235 293 349 433 168 390 305 341 190 232 340 181 282 304 258 434 269 110 400 361 368 403 200 183 140 182 44  252 304 321 284 125 239 73  377 283 395 428 268 126 431 184 460 302 196 246 173 123 181 111 343 256 69  93  295 255 262 125 379 341 67  339 78  349 207 302 274 137 117 412 388 366 345 163 412 244 401 277 156 288 361 200 156 242 200 131 285 313 108 259 254 210 231 307 216 100 301 378 171 167 372 85  48  389 299 59  231 284 301 304 125 232 455 182 275 193 297 168 101 75  225 52  128 108 71  119 244 124 237 138 422 166 267 318 25  143 77  171 193 366 164 394 378 315 374 96  377 298 69  271 297 261 167 143 95  197 127 305 210 154 183 177 335 212 114 238 197 352 222 332 183 262 212 81  325 130 130 240 332 81  35  52  144 330 226 246 130 337 280 305 222 150 349 379 183 308 351 109 279 219 279 55  131 145 115 127 201 318 403 144
366 118 266 263 250 269 93  28  0   382 174 279 273 302 349 230 44  183 97  218 359 103 252 200 180 361 169 143 208 214 268 264 78  15  280 152 308 76  233 76  226 211 135 145 183 171 203 182 78  204 309 222 160 198 171 194 245 219 248 269 307 283 163 304 160 359 210 161 153 186 340 208 238 181 265 220 88  215 357 163 316 206 350 318 325 109 221 184 379 381 206 275 334 404 183 370 278 312 177 228 318 179 260 285 230 421 262 121 372 334 353 374 174 198 151 181 21  247 275 292 257 124 213 83  348 270 379 399 240 127 402 178 431 294 205 236 165 147 179 116 315 247 41  115 270 228 233 110 355 314 62  313 93  340 229 274 245 114 93  384 369 339 329 139 383 218 372 270 129 273 332 180 137 214 189 107 259 307 136 252 247 184 223 283 195 100 272 352 146 147 353 99  77  360 270 77  237 281 281 299 104 219 427 204 248 176 276 169 94  99  198 39  131 122 51  101 215 150 211 109 393 191 241 290 25  159 48  172 169 337 135 376 350 306 351 74  348 290 83  255 272 261 139 150 70  186 122 285 191 163 170 170 306 231 115 213 202 331 197 304 161 246 186 100 297 158 102 213 304 53  20  68  169 305 221 243 122 309 258 281 220 147 320 365 180 288 326 130 251 198 275 40  102 148 109 125 222 292 374 129
341 303 390 319 368 165 408 410 382 0   420 147 231 488 168 156 345 293 460 175 333 483 142 577 487 52  423 412 572 439 135 234 460 397 126 290 302 387 275 396 531 524 468 351 364 227 492 561 459 280 97  435 477 328 550 254 385 248 226 279 475 237 378 115 533 31  194 438 280 391 438 242 278 562 386 162 293 240 424 251 66  410 374 200 95  329 564 245 482 7   175 344 404 66  520 354 186 108 373 401 296 404 288 341 193 479 445 465 33  190 420 51  224 534 486 449 368 403 108 90  180 394 194 420 61  401 412 38  158 435 21  377 59  464 517 349 364 520 445 420 165 372 341 486 173 165 153 339 276 115 382 216 454 467 592 112 138 322 324 110 358 190 394 270 110 181 98  458 276 372 55  270 339 197 395 314 213 485 511 390 441 212 418 246 312 422 114 193 280 291 357 456 459 53  116 447 523 489 321 483 335 384 50  569 158 343 316 412 396 464 232 373 444 450 350 354 176 528 228 273 70  567 234 99  398 506 333 456 282 48  252 387 64  450 284 346 34  453 444 306 181 503 259 472 320 349 408 332 324 486 332 374 79  583 400 249 493 325 221 145 273 302 215 454 110 539 288 175 103 329 379 437 545 216 445 465 361 82  233 198 467 424 61  433 439 323 235 500 179 262 480 379 279 451 376 424 581 207 27  363
247 131 116 419 111 261 266 180 174 420 0   373 404 128 315 306 202 334 248 248 243 181 332 228 77  381 344 317 194 40  285 395 180 171 363 300 206 251 378 250 113 110 297 313 62  201 73  224 178 351 382 49  79  359 219 166 414 354 376 185 134 223 335 386 183 390 314 335 296 359 178 340 384 241 117 278 195 346 203 173 367 379 215 271 401 270 161 175 211 416 275 151 184 414 124 246 251 320 50  400 219 353 173 162 228 259 89  105 398 290 200 392 284 133 101 30  190 419 336 333 245 298 318 253 367 114 232 422 262 62  436 349 453 121 103 400 335 177 25  289 289 415 183 155 377 314 273 275 267 399 237 258 129 171 208 310 290 112 125 374 242 295 183 272 374 314 369 97  158 132 365 321 84  223 36  126 223 133 256 422 74  288 54  217 114 83  308 305 144 295 225 123 192 380 307 144 102 107 170 125 104 71  452 192 341 79  168 343 79  247 188 213 67  288 215 90  249 197 193 194 402 214 198 355 156 125 181 43  138 372 195 239 415 136 258 119 388 118 128 408 383 96  176 81  215 353 52  167 102 88  333 342 341 186 289 175 74  218 316 293 302 399 295 259 312 221 167 296 380 174 194 142 199 252 47  69  292 373 389 399 53  31  367 209 18  175 260 159 244 338 101 134 196 57  283 55  193 248 402 65 
389 243 386 173 362 189 280 305 279 147 373 0   88  473 248 70  236 150 339 146 381 382 45  479 425 165 282 274 485 404 149 88  357 294 26  154 334 263 128 271 472 462 338 212 331 177 437 460 357 135 50  404 410 182 449 233 238 102 79  297 466 267 236 33  439 144 68  299 146 246 451 99  131 456 382 103 197 95  448 206 93  265 407 256 56  199 489 214 498 151 100 353 423 203 446 401 218 168 337 254 333 261 300 355 188 512 426 385 160 256 443 175 104 461 412 398 261 255 72  107 196 259 65  295 159 396 448 182 148 367 167 233 206 453 454 202 222 426 394 287 224 225 239 393 26  59  123 208 335 38  261 266 366 473 506 117 110 262 253 224 403 259 414 145 223 62  208 439 215 375 130 129 290 177 360 249 231 473 394 243 418 95  390 275 291 347 118 269 232 156 396 370 352 165 115 354 471 465 337 468 271 362 198 482 32  310 331 271 324 344 210 258 375 320 236 289 142 429 214 186 200 471 241 61  301 427 233 400 247 129 179 428 89  446 339 269 126 443 355 159 35  468 198 402 209 204 344 348 299 417 190 231 119 503 267 239 438 362 87  197 138 155 92  331 153 435 210 77  44  233 270 344 449 262 411 434 226 68  86  57  426 366 102 457 390 342 288 408 190 118 457 290 188 387 244 358 497 246 158 309
461 275 438 88  415 266 245 295 273 231 404 88  0   516 332 135 229 101 309 212 453 371 121 465 442 253 225 224 481 438 229 9   345 288 114 123 403 234 56  242 490 477 295 165 372 228 459 445 345 78  136 441 424 118 434 288 159 55  27  363 512 339 180 117 431 232 98  245 121 183 508 66  55  437 435 169 210 59  509 254 181 197 474 335 136 172 495 268 555 236 158 413 484 291 454 473 294 253 375 180 404 200 364 417 256 576 469 391 247 338 505 263 120 469 421 424 253 177 157 193 270 215 95  264 247 447 514 268 221 384 251 172 290 499 470 124 166 418 420 246 306 145 239 388 62  118 194 176 412 116 237 344 366 526 502 199 185 293 278 312 474 342 475 136 311 106 296 481 251 430 218 94  325 241 397 278 302 518 365 163 459 119 431 346 341 360 201 352 273 127 465 372 337 253 197 351 494 504 401 512 299 407 281 477 97  352 394 213 341 315 268 243 391 279 224 313 208 418 275 209 288 459 308 149 298 432 236 422 295 217 214 496 169 496 415 288 213 489 356 76  52  500 237 415 205 142 365 410 347 429 135 173 207 505 226 298 459 432 88  279 112 74  110 298 237 418 236 130 130 240 260 342 438 338 446 469 186 155 15  33  457 389 191 519 418 406 366 404 263 76  496 296 207 405 206 377 496 322 245 339
215 241 99  541 119 322 394 307 302 488 128 473 516 0   348 403 329 456 372 333 215 296 429 316 158 441 472 446 268 87  357 508 300 299 458 422 207 379 497 378 153 164 423 440 144 295 132 319 299 471 472 80  175 484 317 243 541 470 489 212 20  257 463 479 279 457 421 463 417 487 95  455 503 340 103 371 315 462 127 266 446 507 169 304 491 396 219 259 103 483 372 150 124 466 203 207 302 380 141 528 218 481 202 157 299 159 47  217 460 321 127 449 395 202 199 127 318 546 423 411 307 426 425 381 429 88  163 480 340 183 500 476 508 25  162 525 462 278 127 417 332 541 309 266 481 415 359 402 263 492 365 288 247 66  274 387 375 225 244 416 202 324 131 392 416 418 416 34  264 120 435 441 192 303 120 240 275 9   373 549 58  397 86  248 183 208 385 330 243 417 188 241 314 440 386 266 125 28  175 5   223 110 509 269 442 164 178 471 208 371 267 341 184 415 342 213 335 299 266 309 453 302 253 443 284 218 306 142 225 442 302 183 497 49  252 244 459 36  250 530 488 68  279 183 340 479 180 166 173 181 458 469 414 244 418 242 135 201 428 346 422 520 406 384 378 324 283 397 471 299 322 266 294 284 81  61  420 458 502 507 89  157 443 129 124 176 279 265 309 456 29  262 313 168 411 180 259 287 466 183
174 238 249 407 231 84  411 377 349 168 315 248 332 348 0   202 329 348 444 146 167 435 211 517 391 116 455 436 498 321 107 330 416 361 222 328 145 388 355 394 428 425 470 385 253 180 387 505 416 346 212 314 387 388 496 162 455 321 314 137 332 93  416 229 469 140 249 463 317 436 282 309 359 513 245 176 272 310 264 186 165 460 211 44  224 347 474 167 323 161 193 198 246 124 434 188 71  80  265 461 135 444 149 192 119 314 311 390 135 26  260 118 258 445 403 345 344 470 176 141 93  414 252 415 110 260 248 145 126 350 171 421 167 323 418 422 405 458 340 430 34  445 315 426 271 220 149 358 108 239 378 60  392 315 515 132 151 250 263 70  191 24  236 295 69  236 74  323 220 228 132 322 251 137 282 250 96  343 485 462 312 248 294 101 200 348 131 25  208 327 193 391 421 115 135 393 412 356 172 343 264 259 171 495 235 237 169 446 322 447 152 359 360 453 340 280 150 473 140 248 112 505 119 188 357 427 306 357 193 138 219 221 210 303 117 287 153 311 384 392 281 379 210 385 312 401 322 182 212 397 379 416 130 497 415 146 389 162 276 55  315 385 257 444 94  490 248 215 215 299 356 384 484 65  325 340 384 190 326 304 350 330 157 271 333 172 72  438 99  324 347 329 257 361 393 339 501 67  141 276
326 176 316 204 292 130 251 258 230 156 306 70  135 403 202 0   191 151 304 78  318 333 26  429 361 150 273 259 430 335 95  131 308 245 57  139 269 231 152 239 408 398 312 200 262 108 372 411 309 145 80  335 347 190 401 163 255 119 114 230 396 204 229 80  387 139 48  286 128 246 382 107 157 411 312 34  142 108 380 137 89  268 341 200 98  173 429 144 429 157 31  284 355 194 386 338 159 128 268 264 270 257 233 287 122 445 356 326 154 205 375 163 69  401 351 332 214 271 48  77  134 240 50  263 140 326 381 181 85  304 177 231 211 383 391 221 216 373 327 264 173 244 189 340 82  18  58  184 276 93  226 208 310 403 451 72  51  196 189 197 339 208 346 115 196 34  182 369 148 305 115 125 222 109 291 183 167 403 356 261 348 57  321 211 221 286 72  220 163 139 331 313 306 150 68  300 405 396 270 398 206 292 205 427 41  241 263 263 262 308 140 217 313 294 195 224 74  380 145 127 187 420 174 60  249 368 181 334 177 118 113 363 120 377 280 208 124 373 299 190 91  399 130 340 165 207 280 280 229 354 187 227 93  445 245 169 372 297 76  147 123 182 62  298 110 388 148 18  76  180 225 290 398 203 342 365 207 79  127 113 358 301 96  389 323 274 230 355 127 124 387 233 130 323 221 295 441 186 155 242
367 114 281 223 262 246 85  69  44  345 202 236 229 329 329 191 0   140 117 190 359 146 211 243 220 328 151 126 253 242 239 220 120 59  239 109 306 63  190 67  267 253 142 110 198 148 241 224 121 161 268 249 200 159 213 184 212 174 204 265 332 272 134 262 204 324 167 149 108 158 356 163 195 221 279 185 57  170 370 148 279 180 356 302 284 69  266 170 398 345 170 282 345 372 226 373 259 284 195 198 315 155 258 291 209 436 286 164 338 316 366 342 131 241 194 214 25  217 238 258 236 103 170 86  316 287 388 365 212 164 366 147 397 318 246 198 133 191 211 107 295 212 20  159 226 187 201 73  348 272 50  299 137 360 274 241 211 119 95  357 372 321 340 94  356 176 344 296 116 284 298 135 148 191 211 106 244 333 166 219 272 142 246 273 199 138 240 334 138 104 357 143 116 328 237 122 275 310 284 325 113 236 392 249 206 187 278 148 125 121 183 29  169 125 14  118 186 193 196 81  362 235 230 251 69  203 27  207 164 302 109 382 310 326 345 87  312 312 127 214 228 294 121 191 26  151 153 289 197 204 132 140 272 276 98  203 240 332 153 280 117 204 143 115 267 199 84  173 263 36  34  112 213 291 249 272 90  270 214 237 252 179 284 379 212 290 314 175 229 154 303 72  72  185 84  160 267 277 340 147
443 217 391 85  369 268 144 200 183 293 334 150 101 456 348 151 140 0   208 205 435 274 154 367 360 299 131 126 386 372 241 92  248 196 168 33  382 134 51  141 407 393 195 65  315 197 380 346 249 22  198 377 340 39  335 255 107 51  83  339 455 327 85  183 335 284 104 150 40  97  465 51  55  337 388 172 140 55  472 216 231 117 446 338 206 74  404 236 510 296 154 377 447 342 366 452 293 278 315 113 386 111 336 383 245 540 410 304 300 346 468 311 90  381 334 350 162 121 194 228 266 115 103 163 290 399 483 325 222 303 315 83  352 442 386 77  71  322 347 145 317 99  155 294 128 136 199 77  405 188 138 342 276 476 407 223 198 231 211 348 453 351 439 66  347 118 333 421 200 388 263 26  264 226 335 216 291 459 264 114 398 99  370 332 296 277 223 363 225 38  441 282 240 299 219 258 415 440 370 452 233 352 344 382 135 298 364 120 262 214 241 148 309 178 132 244 201 320 252 151 336 362 288 196 208 342 155 345 251 265 168 470 239 444 406 214 267 434 266 74  125 429 191 331 120 56  289 379 299 345 39  81  244 412 125 270 379 410 75  293 36  65  91  197 260 319 175 135 192 160 166 250 341 335 379 403 84  211 87  121 386 314 239 482 346 376 363 309 259 31  432 211 145 324 104 298 401 318 300 272
461 215 353 271 339 362 65  74  97  460 248 339 309 372 444 304 117 208 0   307 454 90  321 165 226 445 126 106 197 287 357 300 74  88  347 189 404 76  258 68  262 246 51  148 271 264 253 144 76  231 377 297 205 205 134 291 226 256 289 365 381 380 147 368 146 440 273 107 195 163 423 250 261 131 352 301 174 256 444 259 393 172 442 414 391 140 232 280 459 460 285 368 422 489 206 465 373 401 263 201 414 148 356 378 324 505 338 160 454 430 441 459 238 218 186 245 99  221 351 374 351 101 275 45  433 355 469 481 329 189 481 162 513 369 242 231 157 136 245 73  410 234 128 121 324 297 319 134 452 377 77  409 127 419 217 358 328 210 190 474 462 435 418 194 473 283 462 344 225 362 414 218 231 307 271 204 355 379 55  232 322 250 301 380 290 165 357 448 243 186 446 134 60  445 354 107 282 347 376 370 199 304 507 194 312 267 371 132 172 5   294 88  188 49  110 193 304 125 307 197 480 164 338 363 99  180 138 231 266 418 226 468 420 385 447 170 427 367 123 267 324 320 234 196 140 185 196 379 285 204 179 156 389 231 89  310 251 426 252 396 204 260 249 15  385 116 196 285 372 144 87  106 146 401 292 311 124 382 296 326 284 217 399 452 249 382 423 132 345 234 343 129 189 205 104 193 216 388 456 218
249 128 242 273 218 63  267 247 218 175 248 146 212 333 146 78  190 205 307 0   240 315 100 406 312 145 308 290 398 272 50  207 293 232 127 183 191 245 220 252 357 350 328 239 196 51  318 391 292 206 139 269 302 245 381 90  313 186 188 152 323 127 270 147 360 148 116 317 172 290 305 172 226 395 238 43  133 175 302 76  118 314 263 132 158 201 388 74  352 172 55  207 277 186 345 260 88  94  204 316 192 298 154 209 44  367 287 290 158 141 297 158 115 358 310 276 209 327 90  85  61  268 119 274 131 252 303 185 22  259 193 275 217 311 342 281 259 348 272 285 113 304 179 314 160 94  26  212 203 160 236 137 281 327 418 62  42  147 149 167 261 146 268 149 166 106 155 300 101 229 121 179 165 31  227 139 90  332 353 320 280 107 254 134 150 247 61  158 105 181 253 282 294 144 59  276 350 328 191 328 160 223 214 395 119 175 185 300 220 311 66  219 269 310 199 178 4   358 68  109 175 395 96  110 231 331 170 282 111 127 82  284 167 303 205 172 141 300 271 258 169 336 84  296 169 257 232 202 160 310 234 270 95  407 269 93  320 220 138 93  171 250 116 305 78  371 118 82  138 165 220 266 373 130 278 300 238 126 202 192 297 249 119 311 266 196 158 328 53  185 319 208 117 276 247 249 406 114 162 189
8   245 134 510 131 192 444 379 359 333 243 381 453 215 167 318 359 435 454 240 0   412 337 471 317 281 508 484 436 227 232 448 402 365 357 406 53  422 458 426 338 342 494 450 191 238 302 465 401 441 357 216 322 473 459 181 540 425 429 96  195 113 480 372 425 304 356 508 397 504 128 410 464 480 131 283 314 414 103 221 316 527 49  134 374 405 398 200 161 327 295 92  93  291 366 21  162 231 202 537 48  506 101 81  196 147 194 344 301 143 100 285 348 373 345 268 364 551 312 284 184 461 360 440 273 141 81  313 233 299 338 490 334 191 337 512 473 417 264 467 169 534 340 392 399 335 259 415 60  383 409 119 360 164 449 267 271 244 267 236 24  144 85  370 236 347 241 202 246 113 290 411 223 212 207 254 150 208 479 547 202 343 198 106 163 310 265 143 222 402 29  356 411 280 268 370 315 233 78  211 254 172 338 435 358 189 82  503 291 455 193 384 307 480 373 261 245 436 182 294 279 457 147 329 354 369 332 284 195 297 270 54  366 166 50  284 313 181 356 496 408 267 248 324 353 479 276 77  169 331 455 483 280 424 457 164 305 27  377 194 398 487 353 460 239 459 278 322 359 323 374 364 441 121 228 233 440 337 443 431 255 270 310 109 257 72  99  398 191 420 226 324 302 300 440 289 434 135 307 240
418 197 295 347 286 359 143 77  103 483 181 382 371 296 435 333 146 274 90  315 412 0   355 96  142 460 215 192 113 215 364 361 26  88  384 247 366 143 325 137 174 157 141 222 221 265 169 78  25  296 412 227 122 280 67  273 311 316 347 333 308 357 229 407 61  459 314 197 250 248 360 306 329 79  295 321 191 313 384 251 418 260 391 398 429 199 142 268 390 482 309 321 364 502 116 419 363 407 210 288 378 234 322 332 320 440 267 79  471 416 381 473 277 128 100 170 121 308 378 393 345 182 316 122 446 295 412 499 336 119 503 244 531 297 154 312 237 49  171 159 402 317 144 31  373 332 332 197 421 418 135 390 52  349 133 373 345 185 171 477 416 421 362 240 476 321 467 272 217 308 433 276 193 305 211 185 340 304 76  317 252 287 236 355 253 102 372 433 226 243 399 57  35  459 370 42  195 270 334 295 171 247 527 109 352 223 330 219 121 86  283 127 114 140 148 158 313 47  294 210 490 89  319 393 84  91  151 154 243 438 233 416 454 316 414 147 449 296 56  341 374 238 231 113 173 263 136 335 245 119 252 238 406 143 170 290 167 385 299 394 259 333 290 105 393 56  197 316 408 154 112 50  67  382 220 235 197 412 356 382 207 149 422 391 176 340 400 42  340 294 267 107 204 129 179 126 130 372 475 172
345 202 341 197 317 146 267 279 252 142 332 45  121 429 211 26  211 154 321 100 337 355 0   452 387 145 281 270 454 361 108 118 330 267 31  148 289 247 147 256 434 424 327 209 288 134 398 434 330 145 57  361 373 192 423 187 254 115 103 252 421 223 237 54  410 129 52  296 138 251 405 106 151 432 337 58  165 105 402 163 77  272 362 215 73  187 454 170 452 143 57  308 378 187 411 357 175 133 294 266 289 263 255 310 143 467 382 351 145 217 398 157 83  426 376 358 235 270 40  75  152 252 52  280 136 351 403 171 104 330 163 237 199 408 417 219 223 396 353 278 185 242 211 363 62  24  77  197 292 67  244 224 334 427 475 78  66  222 215 197 359 220 369 129 196 39  182 395 174 329 109 129 248 131 317 209 186 429 375 260 374 71  347 231 246 311 79  231 189 149 351 337 328 145 76  324 432 422 292 424 232 318 192 451 23  267 286 271 287 326 164 237 339 308 214 250 97  402 169 151 182 443 196 43  272 393 204 360 203 110 139 383 98  401 297 233 113 398 323 183 72  425 156 365 185 210 305 302 255 380 192 234 91  470 258 193 398 318 80  158 131 176 73  315 117 410 173 39  52  203 246 314 420 219 368 391 219 60  115 95  384 327 85  412 349 296 246 378 145 125 413 257 154 349 234 320 465 203 145 268
476 283 343 435 340 446 228 173 200 577 228 479 465 316 517 429 243 367 165 406 471 96  452 0   161 551 290 271 53  252 455 456 122 184 481 342 431 233 418 226 166 153 205 311 282 355 184 21  121 389 509 264 150 368 31  355 391 410 442 404 332 434 313 504 47  553 410 269 345 328 396 402 422 39  344 416 286 408 425 338 513 337 443 478 525 293 106 353 418 576 404 379 409 592 113 475 447 497 270 366 444 313 392 390 407 472 300 129 564 496 423 564 374 114 126 206 217 386 473 487 431 266 413 207 538 340 457 591 427 173 597 327 624 324 154 397 322 59  209 238 486 399 240 92  469 428 425 289 490 515 228 468 126 378 62  466 439 268 258 564 471 501 409 336 564 418 555 300 306 361 526 371 267 394 264 271 421 324 120 397 286 384 278 430 324 169 465 513 311 338 454 126 128 551 463 130 194 287 396 316 253 299 620 50  449 290 394 297 195 160 368 223 164 212 244 237 404 49  378 304 581 14  399 489 180 103 247 189 323 531 325 466 550 348 482 234 543 327 135 431 471 249 322 147 269 349 199 395 314 142 342 322 499 89  254 371 181 446 396 481 354 423 386 180 484 49  289 412 504 249 209 140 33  461 254 261 286 508 451 477 232 201 517 430 216 402 475 79  427 389 288 198 299 171 267 184 70  452 567 243
321 186 185 443 185 333 262 174 180 487 77  425 442 158 391 361 220 360 226 312 317 142 387 161 0   450 340 315 120 91  354 433 151 171 418 327 283 252 408 249 48  37  278 325 139 262 27  161 150 379 440 103 21  378 158 237 424 389 415 263 172 300 342 441 121 458 360 327 325 364 235 376 413 181 187 337 232 383 264 236 430 381 284 348 459 288 84  243 258 484 331 226 248 486 49  318 326 391 126 406 296 355 250 237 297 312 139 66  467 367 262 462 327 56  41  48  201 426 396 398 317 299 364 245 437 181 296 492 328 58  504 357 523 164 30  416 345 119 53  283 364 428 205 110 424 366 336 291 343 454 240 335 99  218 132 375 352 166 171 448 314 371 249 306 448 363 442 139 214 204 432 352 148 290 113 177 297 166 217 432 125 333 119 294 190 82  373 381 207 322 297 92  165 450 372 120 57  130 246 158 154 145 522 119 392 154 245 342 101 223 257 220 51  273 230 136 312 140 264 238 474 147 273 414 156 59  206 34  207 439 247 307 476 187 334 155 454 166 105 434 428 96  232 30  240 367 81  243 178 23  350 350 407 108 288 248 25  293 357 366 333 424 339 239 381 166 214 349 437 202 200 123 136 328 93  100 302 433 427 442 71  63  431 269 60  251 337 106 315 370 129 148 238 37  288 66  117 324 471 123
288 271 342 337 321 120 398 390 361 52  381 165 253 441 116 150 328 299 445 145 281 460 145 551 450 0   423 410 542 397 97  253 437 376 139 290 251 377 289 385 493 487 460 351 322 196 453 536 437 290 118 392 442 337 526 214 398 259 242 230 427 186 380 137 505 26  195 436 279 395 387 251 293 539 338 144 273 250 373 217 71  417 322 148 124 323 530 207 431 45  161 294 353 44  487 302 138 61  332 411 244 407 239 291 153 427 399 433 20  137 369 13  219 500 453 410 350 415 105 73  136 390 196 408 13  353 360 41  125 401 59  381 73  417 480 363 367 493 405 413 114 386 321 459 191 163 127 333 223 142 370 164 426 417 562 87  117 289 294 63  305 137 343 264 63  181 49  412 246 323 36  273 302 160 353 282 166 438 495 404 396 207 374 195 269 390 88  141 245 289 305 427 438 1   91  421 483 443 271 436 303 339 71  539 166 302 266 413 364 449 193 357 410 441 335 321 146 503 187 251 37  540 188 105 375 474 312 418 243 35  227 335 101 401 232 317 43  405 416 323 200 459 229 437 305 355 373 282 281 451 336 377 57  550 394 206 455 272 224 95  274 318 213 442 69  516 263 168 123 308 361 412 519 165 402 421 357 97  251 221 425 387 62  381 399 272 182 473 136 270 434 353 258 416 371 390 549 156 26  327
516 265 432 162 413 371 78  167 169 423 344 282 225 472 455 273 151 131 126 308 508 215 281 290 340 423 0   26  324 384 353 217 195 173 298 133 455 93  168 93  381 365 86  72  349 281 366 269 196 150 329 392 319 106 259 328 102 182 213 412 477 413 46  315 273 411 229 22  144 44  506 183 169 253 430 285 194 187 521 289 358 47  507 435 338 108 357 312 547 425 267 433 497 467 328 522 391 394 344 76  462 26  406 442 340 587 432 275 426 447 517 436 204 341 304 349 155 96  319 350 365 47  229 95  413 437 540 452 329 294 444 52  481 464 360 117 60  262 347 57  421 113 171 244 260 260 310 97  491 320 107 435 241 509 343 341 313 270 247 467 521 452 491 161 466 243 452 440 262 435 388 153 299 320 358 258 381 477 171 107 417 216 392 416 350 267 341 465 286 133 507 249 181 423 337 221 397 450 434 469 264 386 474 320 265 338 428 11  264 131 322 132 295 78  137 267 304 252 335 216 460 289 371 324 188 302 178 338 312 391 243 533 371 474 489 236 395 459 234 163 256 428 261 309 154 82  292 440 349 320 92  51  366 357 54  347 364 481 201 401 150 159 210 111 376 241 229 255 323 187 149 217 272 428 391 412 70  340 214 250 388 316 366 530 349 440 454 257 357 163 444 210 207 313 67  293 342 412 427 296
492 240 406 170 388 352 52  141 143 412 317 274 224 446 436 259 126 126 106 290 484 192 270 271 315 410 26  0   303 358 335 216 171 147 289 122 431 67  169 67  356 341 73  62  323 260 340 250 172 147 320 366 294 109 240 305 120 178 209 389 451 391 46  307 251 398 218 27  132 57  480 176 171 235 404 269 171 181 496 267 347 68  483 415 330 89  334 289 521 414 251 408 471 454 304 498 371 377 318 95  439 42  382 417 319 561 405 250 414 427 492 423 190 317 279 323 129 116 307 336 345 23  218 71  399 411 515 440 311 268 434 58  470 438 335 128 59  240 321 33  402 128 146 220 254 248 293 78  469 313 81  414 217 483 322 326 297 245 221 451 497 432 466 145 450 231 437 414 238 410 375 145 274 300 332 233 359 451 154 126 391 202 366 393 325 241 326 445 262 121 483 224 158 409 322 196 372 424 410 443 239 360 463 299 255 312 404 27  238 111 300 106 270 60  111 241 286 231 313 194 446 270 349 313 162 278 153 312 288 378 222 509 362 448 467 211 383 433 209 170 251 402 239 284 131 86  265 415 323 295 89  54  352 336 28  324 339 457 191 383 138 164 197 91  360 222 206 241 314 162 123 191 252 407 365 386 52  330 212 248 362 290 354 504 323 416 432 234 338 157 418 183 185 287 44  267 321 391 415 270
440 270 305 460 305 431 256 186 208 572 194 485 481 268 498 430 253 386 197 398 436 113 454 53  120 542 324 303 0   211 444 472 138 193 484 358 400 256 437 250 116 104 243 335 252 346 140 66  137 408 511 223 114 393 71  337 422 426 457 377 285 410 342 508 52  546 417 305 360 359 353 416 442 89  307 413 289 423 382 325 510 370 405 456 528 311 53  338 371 570 403 345 368 581 70  438 429 485 240 399 413 345 364 356 393 426 257 108 556 475 381 555 381 67  94  168 228 419 472 481 416 295 420 235 529 301 415 583 417 147 591 357 615 279 107 425 350 64  172 269 468 430 246 93  478 431 419 309 460 519 248 445 120 332 21  460 434 253 248 549 434 480 369 348 549 423 541 256 296 324 519 387 247 382 230 259 402 277 161 429 243 390 239 405 299 152 458 491 297 354 417 117 148 541 456 131 144 240 364 269 239 264 612 4   454 264 362 330 178 193 353 238 137 246 257 222 397 72  362 303 569 43  378 489 185 71  252 152 305 525 321 427 550 304 452 226 538 283 130 454 481 201 313 114 279 376 175 362 288 105 365 351 493 37  283 351 137 412 406 465 369 446 393 213 473 88  284 415 507 252 221 141 52  438 212 217 310 508 466 490 189 170 513 387 179 369 450 77  412 405 241 196 299 139 292 158 18  431 560 222
231 163 94  458 98  276 306 220 214 439 40  404 438 87  321 335 242 372 287 272 227 215 361 252 91  397 384 358 211 0   304 430 217 211 391 338 198 291 415 291 111 114 337 353 75  227 74  250 215 389 409 12  102 398 246 185 454 390 411 186 94  227 375 414 209 409 346 375 334 399 145 375 421 269 96  305 232 382 173 199 389 420 193 276 428 310 171 197 174 435 304 139 157 428 141 227 262 335 67  440 211 393 173 149 246 225 52  137 415 295 171 407 318 146 126 46  231 459 361 355 260 338 350 293 384 89  205 438 283 98  454 389 468 82  109 439 375 205 44  330 298 454 223 188 408 345 297 315 259 427 277 262 164 133 222 331 314 145 161 384 223 299 158 309 383 345 380 57  189 114 384 358 114 244 44  160 233 93  292 462 36  321 29  220 127 121 329 308 172 333 206 158 230 396 329 181 91  67  162 84  140 62  467 211 372 96  162 383 120 285 208 253 101 328 255 128 273 226 211 229 415 238 209 381 196 149 220 63  160 391 226 215 439 100 250 158 407 81  165 446 415 64  206 107 254 393 92  157 115 110 373 382 361 196 330 190 77  205 350 305 340 437 329 298 329 251 202 327 407 213 234 180 225 256 7   31  332 397 424 432 29  70  389 178 39  166 260 189 260 375 61  174 232 86  323 94  207 255 420 100
241 174 261 300 238 40  316 297 268 135 285 149 229 357 107 95  239 241 357 50  232 364 108 455 354 97  353 335 444 304 0   226 342 282 125 223 189 293 248 300 397 391 377 282 229 99  357 440 342 239 125 301 345 281 430 119 348 214 209 157 345 121 312 139 408 105 142 362 212 331 316 201 253 444 257 69  183 203 308 119 90  354 263 106 142 246 432 110 362 131 87  219 285 137 389 253 69  44  238 354 187 340 163 218 58  370 312 336 113 109 304 110 152 402 355 315 259 363 79  55  51  314 144 323 84  272 303 138 28  303 150 316 171 334 383 314 301 396 310 333 78  338 229 362 170 113 43  257 185 151 285 116 329 342 464 34  44  191 196 117 255 113 275 192 116 129 105 325 148 245 80  215 205 63  260 185 88  355 403 354 308 142 284 129 178 293 32  124 148 221 250 330 344 97  35  325 388 356 199 352 205 250 168 442 131 208 193 344 266 360 97  269 313 359 248 223 52  407 93  159 126 443 105 97  281 376 220 322 147 86  132 281 142 322 190 220 103 322 319 285 180 368 133 340 218 295 275 210 189 353 274 312 57  452 316 115 359 216 169 52  209 278 150 355 29  421 167 107 127 215 270 315 422 112 310 331 283 107 221 203 332 290 87  317 304 202 139 376 48  217 347 257 167 318 293 292 452 97  117 230
456 267 431 85  408 262 236 285 264 234 395 88  9   508 330 131 220 92  300 207 448 361 118 456 433 253 217 216 472 430 226 0   335 279 114 113 398 224 48  233 481 468 286 156 364 221 450 436 336 69  137 433 415 110 424 282 154 45  19  358 504 335 172 119 422 233 92  237 111 176 501 57  48  428 428 164 201 50  503 247 182 190 469 332 139 162 485 262 548 238 152 406 478 292 445 468 291 252 367 174 399 192 358 410 251 570 461 382 249 335 499 264 112 460 411 415 244 172 156 192 265 206 89  255 247 440 508 270 217 375 254 165 293 491 461 119 157 409 412 237 304 140 230 378 62  113 190 167 408 119 228 340 357 518 493 197 182 285 269 312 469 339 469 127 311 101 296 474 244 423 218 85  317 236 389 270 297 510 356 158 451 112 423 341 333 351 198 350 266 118 460 362 328 254 194 341 485 496 395 504 290 399 284 468 95  345 388 205 332 305 262 234 382 270 214 305 203 408 270 201 289 450 302 148 289 422 227 413 287 218 206 491 172 489 411 279 214 482 347 72  53  491 229 406 195 134 356 404 340 420 127 165 206 496 217 292 450 427 80  277 102 69  102 289 235 409 227 125 132 231 250 332 429 334 437 461 176 156 6   36  448 381 191 513 410 400 362 394 258 67  488 287 198 396 196 368 486 318 247 330
408 179 290 322 279 339 120 51  78  460 180 357 345 300 416 308 120 248 74  293 402 26  330 122 151 437 195 171 138 217 342 335 0   63  359 222 355 119 299 113 188 172 126 198 213 243 179 103 1   271 387 227 130 255 92  255 288 290 321 320 310 342 206 382 86  436 288 179 224 225 358 280 304 102 290 297 166 287 381 231 394 239 384 381 404 174 163 249 391 458 284 312 360 479 133 410 345 386 203 266 366 213 309 323 300 439 268 85  449 399 378 450 252 146 111 173 95  287 354 370 326 159 291 100 424 291 407 476 314 119 480 221 508 299 167 288 213 73  173 138 383 294 119 49  347 307 310 171 408 393 110 374 53  350 158 350 322 168 153 456 408 404 357 214 456 296 446 274 197 302 409 250 180 285 207 166 322 307 78  295 253 262 234 340 241 97  349 416 208 217 391 60  14  437 347 35  207 275 324 298 155 242 504 134 327 213 320 199 111 72  264 101 116 122 122 143 290 73  276 186 469 115 303 368 61  107 127 158 226 415 210 410 429 316 402 129 426 297 51  316 348 246 210 121 147 239 131 325 234 129 227 215 383 167 148 273 176 375 273 374 233 308 264 88  371 79  175 291 383 130 86  38  93  366 222 239 173 388 330 356 211 148 399 388 178 330 385 63  321 268 271 87  180 132 155 124 154 355 451 162
