300
0   41  166 184 165 122 233 243 391 204 43  67  151 335 232 230 237 224 219 287 227 270 169 225 179 261 349 359 298 42  184 222 209 319 163 163 224 222 246 71  221 268 170 235 271 226 97  265 147 358 223 248 115 294 336 228 137 157 126 202 240 280 225 255 371 304 198 215 358 195 47  334 84  222 29  329 223 388 184 202 96  95  127 183 181 284 178 281 228 281 266 241 198 265 205 155 268 77  186 114 163 260 211 345 238 98  246 316 63  96  289 60  270 166 173 96  234 192 302 201 336 273 125 254 226 242 342 174 150 182 221 186 131 223 54  224 144 238 113 248 191 126 275 328 197 290 302 271 234 207 209 137 388 68  172 320 232 234 138 155 135 164 71  97  261 359 170 84  313 146 139 103 137 21  232 16  331 150 121 270 186 299 234 173 40  125 258 241 140 291 124 194 208 151 333 158 265 150 65  205 106 228 218 246 216 211 255 184 256 227 97  179 121 238 179 204 265 104 272 358 212 256 228 23  304 257 143 285 250 40  331 200 113 214 235 137 282 147 291 237 126 109 49  241 187 146 211 190 210 22  195 178 292 101 78  249 215 240 90  215 97  239 133 262 205 189 314 159 126 380 284 376 119 178 143 207 110 257 163 309 254 47  149 191 72  182 190 253 233 251 127 163 358 221 113 257 209 238 353 69 
41  0   197 143 146 163 252 205 350 235 28  79  182 309 205 191 198 203 258 252 257 275 204 191 215 270 308 318 257 72  185 262 182 278 204 187 246 229 206 30  258 245 153 197 281 201 63  253 187 345 225 272 150 277 296 268 118 171 167 175 278 244 243 290 352 306 190 189 317 211 31  304 83  227 32  290 203 376 203 186 88  116 92  154 202 293 149 244 196 257 294 235 177 226 185 135 282 74  194 80  132 237 207 319 213 75  241 275 26  135 256 101 229 206 184 59  207 232 298 182 323 239 153 227 218 265 320 143 186 156 215 145 154 221 91  212 159 246 128 209 150 147 306 310 157 251 270 230 193 165 232 173 371 85  156 304 213 194 97  161 127 165 48  74  220 349 133 105 287 109 168 104 145 48  194 40  313 110 118 304 186 258 205 214 80  125 293 222 123 251 94  153 208 134 294 179 292 116 70  183 69  226 177 207 194 214 216 198 257 189 101 179 147 197 205 198 225 125 234 317 206 276 261 64  266 264 110 246 281 6   290 230 154 198 238 176 248 135 280 198 161 111 82  256 148 140 224 151 203 45  209 194 251 141 101 287 241 237 74  183 137 247 172 225 172 186 296 131 167 363 280 363 93  185 107 172 119 279 151 295 221 9   187 185 31  216 200 212 197 253 137 204 317 205 112 240 229 210 337 35 
166 197 0   332 329 104 335 349 512 262 176 127 16  501 398 337 346 389 210 450 285 401 26  306 217 162 470 472 437 126 148 206 375 448 123 260 313 143 370 218 240 433 204 392 389 274 260 423 73  513 166 328 189 456 486 203 302 284 97  368 241 441 331 272 533 438 193 382 491 90  213 500 242 357 195 481 387 543 293 365 258 222 290 257 283 407 256 370 393 447 328 211 237 368 370 321 377 151 122 277 328 425 360 511 282 264 396 444 224 84  453 126 394 87  302 256 400 185 448 230 494 436 224 420 208 325 507 339 39  348 197 331 60  179 114 222 270 367 248 403 318 242 314 490 315 403 467 409 365 342 297 41  550 213 202 480 395 355 288 121 164 311 237 263 404 511 278 216 479 306 227 137 278 180 389 180 492 278 146 296 154 441 400 121 149 278 276 405 193 402 220 333 165 195 485 269 334 252 223 246 230 373 357 401 381 350 410 306 192 384 248 326 54  369 35  357 413 229 430 495 364 351 274 152 461 385 243 388 300 193 455 263 98  229 168 64  446 309 446 353 192 262 117 351 304 164 112 345 363 183 96  83  433 100 210 235 293 386 176 380 90  153 65  421 370 338 476 325 101 541 430 533 209 315 304 369 253 341 323 468 418 197 182 345 226 227 116 383 394 389 106 85  486 234 268 419 78  298 514 202
184 143 332 0   143 306 330 117 217 347 158 205 316 229 143 107 107 166 391 136 366 312 343 148 340 360 179 194 115 212 268 397 125 142 346 288 336 319 88  116 383 189 199 65  334 196 97  236 330 315 302 363 277 239 154 404 134 250 310 120 407 124 319 412 293 330 246 131 177 321 147 205 170 273 164 149 170 342 289 172 156 224 77  151 294 337 145 165 105 193 394 289 199 133 158 133 346 184 290 87  82  180 232 235 206 122 252 140 122 278 145 244 106 350 254 91  137 367 302 210 289 128 266 156 269 356 250 93  327 115 272 11  280 291 235 253 244 295 220 72  57  249 417 261 77  137 163 90  66  43  327 314 316 198 203 262 181 84  46  259 205 215 129 122 77  326 98  216 207 55  282 207 218 185 62  178 265 67  210 421 266 115 127 357 221 187 415 184 179 140 132 28  283 188 153 272 387 113 174 198 105 251 42  70  157 257 79  272 328 57  187 221 279 70  333 216 81  232 102 175 222 355 375 207 130 308 117 148 390 145 158 341 297 229 317 319 136 160 263 97  288 185 223 325 78  215 327 24  218 181 317 306 108 285 216 420 340 256 162 99  281 335 315 95  88  219 249 100 310 310 287 326 142 244 59  74  205 365 171 263 121 139 320 208 111 338 299 83  82  285 247 347 181 235 179 210 345 186 290 130
165 146 329 143 0   261 196 258 347 237 174 224 315 173 75  247 248 59  304 155 250 169 329 277 245 416 313 332 237 207 329 313 58  273 291 173 208 375 231 146 284 104 284 143 191 311 92  110 295 201 368 234 195 131 240 322 27  126 267 54  311 155 185 307 206 189 327 61  296 356 120 181 90  130 136 230 58  231 162 40  72  134 80  260 172 194 254 306 94  118 269 373 299 275 40  12  206 219 340 82  61  96  88  183 322 70  112 272 122 251 151 208 247 309 123 104 81  287 166 308 177 140 168 97  355 227 178 54  308 38  353 153 295 363 214 345 126 153 115 160 194 144 298 164 212 280 159 220 208 186 203 296 225 124 288 157 67  227 128 307 268 80  98  71  200 206 215 132 152 93  181 249 97  149 142 149 167 177 262 309 330 231 87  303 182 70  308 76  256 283 212 170 351 267 232 154 260 215 107 302 175 108 183 156 52  115 162 141 400 140 92  81  286 212 344 73  192 136 166 289 80  220 263 176 195 165 214 291 272 152 292 230 256 326 382 290 147 29  137 239 203 80  213 187 208 280 370 125 76  146 355 339 228 246 136 328 218 114 213 84  249 393 286 156 82  77  150 42  265 217 149 218 217 108 89  96  100 233 30  150 117 151 238 65  133 239 346 223 121 142 283 307 307 332 72  94  372 309 190 167
122 163 104 306 261 0   232 358 512 158 156 133 100 433 335 345 352 318 121 401 182 303 87  329 114 259 469 477 421 104 219 120 315 441 42  159 209 232 366 192 143 363 246 356 288 315 216 340 38  427 248 224 88  377 458 121 237 189 7   309 150 396 229 177 455 341 254 320 480 184 163 441 171 262 144 451 315 456 193 291 190 135 245 282 181 306 278 390 340 378 225 285 279 379 300 255 274 160 202 232 277 356 272 444 325 207 307 438 185 41  402 62  390 48  207 217 340 93  356 277 409 387 125 357 276 221 435 285 66  289 267 309 123 256 76  284 176 269 160 370 311 147 214 411 315 408 414 394 355 328 193 62  469 137 246 400 322 353 260 186 203 224 186 206 383 422 283 132 413 266 125 166 190 124 353 129 413 269 183 199 223 422 343 51  86  199 181 332 223 408 229 316 240 230 454 170 230 260 155 288 222 283 341 367 312 257 376 208 279 348 171 239 106 359 136 272 388 138 392 480 279 247 172 99  424 287 251 399 197 162 452 159 11  283 255 40  396 236 361 355 89  184 93  249 304 209 206 312 278 128 188 171 415 23  127 149 189 296 185 327 33  246 38  382 319 252 398 269 4   460 339 447 220 223 263 323 169 237 247 385 366 168 78  261 195 123 200 374 350 294 158 46  480 289 191 341 179 333 432 186
233 252 335 330 196 232 0   435 542 93  272 297 329 310 253 422 426 218 185 341 85  92  319 437 134 477 507 524 433 262 413 196 246 468 232 76  29  443 417 274 147 249 402 340 62  453 244 188 268 243 450 44  146 229 435 207 196 82  240 245 172 345 10  150 294 126 432 246 493 403 222 341 173 80  221 424 212 265 49  191 180 138 254 405 54  81  399 481 287 264 81  474 429 455 208 202 42  311 408 248 254 248 125 321 465 213 140 467 247 254 334 223 437 268 75  256 262 186 161 433 236 327 115 267 459 37  296 249 298 234 454 339 336 453 247 458 93  67  124 356 371 107 119 256 385 467 336 414 396 371 41  293 299 167 405 241 210 410 300 382 369 116 221 213 395 230 375 149 298 275 108 335 113 213 338 220 256 341 354 139 416 427 273 241 212 144 149 218 372 469 346 355 437 383 425 74  68  364 182 435 316 117 372 352 219 91  359 57  483 336 154 116 320 400 365 140 388 128 361 486 139 25  106 223 388 76  359 473 98  257 486 87  236 447 461 273 333 172 192 420 142 149 260 22  379 380 424 317 142 213 406 388 424 235 155 194 54  126 322 278 246 459 270 351 278 123 248 236 235 290 150 264 345 88  271 292 134 38  165 222 305 261 159 138 265 123 410 413 317 101 351 268 503 454 154 208 406 460 266 287
243 205 349 117 258 358 435 0   164 437 203 230 333 334 258 13  10  283 462 228 458 426 367 58  420 321 122 123 120 254 237 466 242 110 400 382 437 286 46  175 463 303 159 158 446 116 191 353 371 430 260 464 355 354 190 471 245 353 359 237 483 214 425 495 403 447 199 248 155 306 224 301 264 385 235 192 288 456 390 289 255 313 183 97  393 451 96  48  217 305 491 230 139 21  275 247 456 202 267 187 199 294 347 337 120 222 369 106 196 321 240 299 58  392 360 179 251 436 420 152 405 225 354 269 213 457 358 210 357 232 220 106 289 245 281 192 344 407 316 153 64  343 508 375 49  54  258 100 65  75  426 344 426 283 163 377 298 38  135 243 189 324 217 221 112 442 74  303 313 165 369 211 321 254 157 246 379 96  203 508 233 132 240 409 283 291 498 301 158 53  131 89  244 160 196 370 486 99  261 133 137 366 86  155 275 370 159 377 277 154 283 332 295 64  338 331 131 322 182 164 338 460 464 266 196 421 107 41  482 203 111 432 347 167 274 357 232 272 380 23  366 285 265 433 57  193 305 140 334 251 301 296 123 335 301 492 437 372 176 213 326 298 354 181 203 332 363 216 360 421 404 440 141 352 169 188 303 468 284 379 227 197 393 323 179 421 277 67  186 400 245 390 144 170 281 327 335 94  403 174
391 350 512 217 347 512 542 164 0   565 356 390 496 339 309 175 166 344 606 236 584 508 529 216 558 480 42  46  109 410 400 611 305 75  554 505 551 446 145 320 601 342 322 204 536 269 315 410 529 461 419 578 494 393 139 618 346 466 514 304 624 224 531 630 414 518 359 308 57  471 361 294 388 476 376 150 350 480 504 363 373 442 294 261 511 536 260 160 266 337 610 384 299 147 345 340 553 363 431 305 288 336 431 337 269 340 441 77  334 478 248 451 121 550 467 307 300 581 479 311 438 243 484 308 369 570 368 293 518 310 377 211 453 403 436 347 461 498 438 189 200 467 634 401 199 109 260 128 158 185 543 505 435 415 326 409 358 159 259 408 354 425 346 340 146 478 234 434 326 271 500 375 434 397 206 390 404 242 368 639 395 117 287 563 431 402 632 356 323 111 293 199 404 324 152 489 603 260 391 291 290 448 176 192 339 461 188 485 432 207 404 428 458 153 502 414 155 450 195 71  419 567 593 415 181 508 269 130 607 351 60  559 502 324 432 516 243 370 431 159 505 402 421 534 209 358 468 225 415 393 465 460 119 489 433 635 557 449 337 271 482 457 513 202 267 423 393 306 515 434 468 463 303 454 276 252 423 579 377 419 259 344 535 410 320 556 441 138 231 481 410 547 39  325 395 380 499 243 424 326
204 235 262 347 237 158 93  437 565 0   247 256 259 382 306 423 429 276 92  392 25  183 242 426 45  415 526 541 460 219 364 103 294 490 147 63  64  386 428 263 56  315 370 373 155 430 251 264 190 331 398 68  90  306 475 114 226 112 165 291 83  392 95  70  377 218 391 296 521 340 212 405 177 159 203 465 271 355 83  246 192 124 271 387 69  175 382 478 332 330 67  429 400 458 262 238 133 276 353 260 284 311 193 393 442 225 219 488 240 190 387 171 451 185 121 260 314 95  250 402 321 377 83  325 417 67  372 284 223 275 410 355 275 403 197 420 110 153 128 389 376 98  71  336 387 477 392 437 411 383 52  220 385 153 372 322 272 419 309 331 331 162 221 225 421 320 368 133 366 294 67  294 139 187 371 196 337 340 313 73  368 457 323 155 170 169 71  282 342 478 327 368 387 352 467 83  72  351 176 408 304 193 389 386 275 163 394 108 430 368 161 170 258 415 294 203 418 116 401 517 206 98  27  185 431 166 345 477 46  238 506 7   165 413 406 197 384 208 275 426 81  165 213 115 379 341 362 341 207 189 344 327 451 168 136 104 39  205 293 320 181 401 196 391 317 182 326 268 160 376 237 352 323 141 290 328 143 83  209 304 354 243 79  197 258 34  352 429 356 187 301 186 528 420 172 278 338 442 350 269
43  28  176 158 174 156 272 203 356 247 0   52  160 336 232 190 197 231 260 275 270 300 185 182 222 242 313 321 268 55  157 263 209 285 198 203 264 201 210 42  264 273 130 216 305 184 89  281 174 374 197 289 158 306 312 268 147 193 158 202 282 266 263 298 380 332 164 216 326 183 58  330 109 253 52  307 231 404 223 214 115 134 117 140 221 317 135 239 220 285 309 208 157 224 213 163 305 46  166 105 157 264 234 345 196 104 269 282 53  122 279 96  234 195 207 82  233 232 326 161 351 262 167 254 192 282 347 169 169 183 188 158 128 194 80  187 180 270 149 227 155 166 318 338 159 252 294 241 200 174 249 155 399 105 133 332 241 197 112 133 101 191 76  102 232 377 129 123 313 130 181 75  169 60  213 52  341 113 90  313 158 271 231 207 81  151 301 250 100 252 81  163 180 111 310 198 307 108 93  163 66  253 187 225 222 240 234 220 229 208 126 205 124 204 181 225 239 144 254 327 233 296 272 64  285 289 100 245 293 21  296 243 145 175 210 162 271 163 308 199 169 136 66  278 148 113 196 169 231 59  182 167 263 133 118 290 256 264 50  208 126 219 158 245 197 213 324 157 158 391 307 391 76  209 129 195 142 297 179 323 245 23  191 213 50  225 172 219 218 279 109 192 325 182 138 269 202 195 365 30 
67  79  127 205 224 133 297 230 390 256 52  0   111 389 284 217 225 282 249 326 280 338 140 196 223 195 347 352 310 37  117 251 261 323 175 224 285 155 245 92  262 325 116 265 337 182 141 329 141 422 155 307 165 356 359 253 197 224 133 254 276 317 290 297 430 371 136 268 365 132 104 382 150 290 92  354 282 452 248 263 160 160 169 148 244 351 145 258 272 337 322 176 148 250 264 213 333 27  119 158 209 316 277 398 193 154 313 319 105 93  331 86  269 163 240 135 285 221 369 148 400 314 184 306 162 302 399 222 128 235 156 203 76  156 61  164 210 306 180 276 192 190 324 388 191 282 346 282 239 214 269 114 449 136 117 382 292 231 161 88  75  231 126 153 276 424 156 149 366 182 196 39  205 89  262 83  392 151 58  315 119 314 283 182 87  192 300 300 90  282 98  205 141 99  358 222 323 131 132 156 103 295 230 274 274 279 283 251 189 257 164 246 74  242 129 270 285 169 303 368 278 319 278 74  334 324 122 271 302 73  331 253 122 157 167 127 323 210 355 230 175 176 43  306 180 85  146 218 275 90  131 115 305 110 143 279 273 307 53  260 100 172 124 295 249 256 374 210 135 441 351 440 89  246 181 247 178 317 226 372 298 76  188 257 102 228 123 257 270 319 60  160 362 164 180 318 150 199 415 75 
151 182 16  316 315 100 329 333 496 259 160 111 0   487 383 321 330 375 213 434 283 392 36  291 215 159 454 456 420 111 137 209 361 432 125 253 308 137 354 202 241 420 190 376 382 260 245 411 75  502 158 324 182 443 470 207 288 275 94  354 244 426 324 273 520 429 181 367 475 86  198 486 229 347 180 465 373 532 286 352 245 212 274 242 276 399 240 354 377 433 326 201 223 352 356 307 370 135 112 262 313 411 349 497 268 250 385 428 208 75  438 115 377 91  293 241 386 187 438 217 482 421 216 406 197 320 494 324 41  334 187 315 45  170 101 210 260 358 238 387 302 233 314 477 299 387 452 393 349 325 291 38  537 201 188 468 382 339 272 109 149 300 222 248 387 500 262 206 465 290 220 121 267 166 373 166 480 262 131 296 143 425 385 124 137 266 278 392 177 386 203 317 155 180 469 261 331 236 210 232 214 362 341 385 367 340 394 297 185 368 236 315 38  352 36  345 396 219 414 479 353 345 272 139 445 376 227 372 298 177 439 259 93  217 162 63  430 296 434 337 186 250 102 344 288 149 108 329 351 169 91  76  417 93  199 238 289 376 160 365 82  149 63  405 354 327 463 310 98  529 420 521 193 305 289 354 242 337 310 456 403 181 179 333 210 224 107 367 378 379 91  89  470 221 256 406 79  283 501 186
335 309 501 229 173 433 310 334 339 382 336 389 487 0   104 328 324 114 462 108 387 233 501 376 402 573 322 347 246 377 482 472 127 285 461 322 333 531 290 300 436 70  422 175 271 426 247 122 468 127 519 354 362 84  200 483 199 272 440 134 463 123 301 451 75  223 469 120 282 520 288 46  263 230 306 189 118 142 299 143 245 302 221 380 312 260 374 377 125 55  391 513 427 342 133 180 297 379 498 231 181 76  188 11  435 237 170 287 283 424 95  381 293 482 260 255 103 449 176 438 109 108 330 82  494 347 29  167 481 153 496 239 463 511 387 480 279 245 280 181 285 304 429 70  304 326 80  248 269 262 336 469 96  296 427 84  113 296 250 465 418 223 265 238 228 147 327 302 23  215 340 407 254 321 176 321 73  293 417 446 481 233 108 473 355 236 451 103 398 331 350 253 501 408 187 302 379 339 281 426 315 193 248 179 121 221 176 273 549 180 263 212 456 270 514 178 210 302 156 268 176 327 405 349 158 243 342 349 405 315 305 374 429 457 534 463 103 197 126 310 369 250 384 292 307 430 532 205 174 318 518 503 237 419 307 483 352 184 366 135 422 548 459 155 147 199 70  178 438 95  174 126 358 240 214 157 267 347 187 101 108 313 403 185 288 394 505 272 149 213 445 480 302 463 242 103 539 414 88  321
232 205 398 143 75  335 253 258 309 306 232 284 383 104 0   249 248 36  378 88  317 201 399 291 319 470 282 304 202 273 380 387 23  242 366 244 270 428 220 196 356 46  324 109 232 335 143 101 369 172 418 295 270 96  186 397 98  194 341 30  383 93  242 377 154 208 369 16  254 416 185 106 164 176 203 174 42  199 228 62  145 209 118 287 239 229 281 305 44  54  331 415 332 271 44  80  253 275 395 128 78  37  129 113 346 133 132 242 179 323 81  280 231 383 187 152 9   362 171 342 147 75  242 22  396 287 116 64  379 49  396 154 359 410 284 382 197 197 190 122 200 217 364 119 220 265 86  193 197 182 268 367 176 199 328 119 48  222 152 362 316 144 161 135 171 184 236 207 81  115 255 304 169 219 109 218 123 199 314 377 379 192 22  378 254 144 378 46  298 269 251 170 400 309 175 223 320 244 180 332 214 143 173 119 33  163 122 204 448 110 167 139 352 200 410 113 157 211 115 244 116 275 332 246 137 203 245 282 338 211 261 299 330 361 432 362 80  103 125 236 278 156 281 239 220 328 428 118 112 215 414 399 192 320 211 401 284 141 263 44  321 446 358 107 54  129 106 74  339 170 158 183 258 169 113 69  175 291 98  121 53  208 313 114 184 312 402 207 79  174 341 382 270 367 147 72  435 327 148 218
230 191 337 107 247 345 422 13  175 423 190 217 321 328 249 0   9   274 449 224 445 415 355 55  407 314 132 135 123 241 229 452 233 118 387 369 424 278 46  161 450 295 151 152 434 113 178 344 358 422 253 451 341 346 191 458 233 340 346 228 470 209 412 482 396 436 192 239 163 297 211 297 251 373 222 193 278 448 377 278 242 300 170 89  380 439 87  59  209 298 478 225 133 34  265 236 444 190 258 175 188 286 335 332 118 209 358 114 183 308 236 286 63  379 347 166 243 422 409 145 396 220 340 261 207 443 351 199 345 222 214 96  278 238 268 187 331 395 303 149 53  329 495 367 36  65  253 101 61  67  412 332 419 270 155 369 289 34  122 233 179 312 203 208 111 434 61  289 307 154 356 200 308 240 151 232 371 83  193 494 225 134 232 396 270 278 485 292 148 64  119 79  236 150 197 356 473 86  248 127 123 355 79  150 265 358 155 364 271 148 270 320 283 61  327 320 129 309 178 170 327 447 450 253 195 409 95  55  468 190 120 418 334 162 267 345 227 260 370 21  353 272 252 420 44  184 296 130 323 237 291 286 125 321 287 479 423 361 163 205 313 291 341 176 195 320 355 205 347 414 393 432 129 339 158 180 290 455 273 371 220 184 379 311 165 407 268 67  179 388 234 377 152 165 268 318 325 93  395 161
237 198 346 107 248 352 426 10  166 429 197 225 330 324 248 9   0   273 455 219 450 417 363 62  413 323 124 126 115 249 238 459 232 109 395 374 428 287 39  168 456 293 160 149 436 120 182 343 366 420 262 455 348 344 184 465 236 344 354 227 476 205 415 488 394 437 201 238 154 306 216 292 256 375 228 186 278 446 381 279 246 305 173 98  384 441 96  58  207 296 483 233 142 29  265 237 447 198 267 178 189 284 337 328 126 213 359 105 188 316 231 293 54  388 351 170 241 429 409 154 395 216 346 259 216 448 348 200 353 222 222 96  287 247 276 195 335 397 307 144 55  334 500 365 41  57  249 93  56  65  417 340 416 275 164 367 288 29  125 242 188 315 208 212 104 433 69  295 304 155 361 208 312 246 148 238 369 88  201 500 234 127 230 403 277 282 491 291 157 56  127 79  245 159 190 361 478 94  253 136 130 356 76  146 265 360 150 368 280 144 274 322 292 55  336 321 123 314 173 162 328 451 456 260 188 411 103 48  474 196 111 423 341 170 276 353 223 262 370 14  359 276 260 423 50  193 305 130 324 243 300 295 118 329 292 485 428 362 172 203 321 299 349 172 193 322 353 206 355 412 394 430 137 342 160 178 294 459 274 369 217 190 386 313 171 413 277 60  176 390 243 385 143 173 272 317 334 100 393 168
224 203 389 166 59  318 218 283 344 276 231 282 375 114 36  274 273 0   352 123 285 165 388 312 292 473 316 337 236 266 384 361 42  275 346 215 237 431 249 200 328 45  334 142 196 352 145 70  354 152 423 261 248 77  222 371 86  164 325 46  355 129 208 347 148 173 378 37  290 414 179 129 148 141 195 210 6   181 196 30  131 188 125 303 208 193 296 331 78  59  297 424 345 298 18  68  217 276 397 132 90  38  94  125 363 128 96  275 178 310 116 267 261 367 156 156 45  337 138 355 127 110 217 48  405 253 118 77  367 55  405 177 355 417 274 394 169 161 166 156 223 192 331 107 242 295 117 225 226 208 235 355 167 182 338 103 15  248 167 364 322 114 156 129 204 161 254 187 95  129 229 306 142 209 141 209 111 216 317 345 384 227 58  358 241 122 347 19  307 299 261 194 405 318 211 194 286 258 167 347 224 107 201 153 9   128 156 171 454 141 148 106 346 229 404 78  191 188 151 280 80  240 302 236 173 167 259 311 306 209 295 269 314 373 437 349 115 82  96  262 255 135 273 204 241 334 428 144 77  205 413 397 226 305 192 374 252 105 268 74  308 449 345 142 82  96  93  79  323 160 125 166 267 136 126 98  153 257 73  99  89  208 289 81  187 285 403 237 113 138 341 365 304 380 127 44  431 347 135 221
219 258 210 391 304 121 185 462 606 92  260 249 213 462 378 449 455 352 0   458 104 275 186 441 60  372 565 576 506 215 339 10  362 532 88  141 156 349 463 288 40  394 365 428 247 432 293 350 138 421 367 155 114 391 532 22  287 190 124 358 31  456 188 64  464 311 375 366 568 299 245 481 227 248 230 523 347 446 169 322 245 173 318 396 155 267 391 499 396 409 138 405 398 484 336 303 224 275 321 306 341 389 278 474 443 274 306 530 272 162 456 165 487 124 204 299 385 28  341 397 410 443 136 398 397 157 456 344 172 340 388 396 242 376 188 405 183 245 188 444 408 160 111 423 415 509 463 482 448 421 144 175 474 194 365 409 350 451 347 307 322 239 261 273 468 411 389 178 445 342 123 285 210 210 426 217 424 368 303 88  344 505 392 89  178 234 68  360 340 509 339 407 361 348 526 161 149 368 218 406 325 280 430 440 349 250 449 194 397 422 216 250 226 453 245 285 468 169 460 566 289 188 85  196 492 258 360 504 106 258 546 98  132 404 373 150 451 275 363 456 103 224 206 207 406 329 321 390 290 213 304 288 499 141 177 30  131 292 298 384 153 362 150 450 379 263 412 327 121 464 327 442 332 224 338 387 203 170 280 391 420 265 71  277 287 69  318 468 416 277 279 125 571 410 233 360 289 449 438 288
287 252 450 136 155 401 341 228 236 392 275 326 434 108 88  224 219 123 458 0   403 286 455 275 400 496 216 240 138 324 403 466 97  177 436 328 358 454 183 234 439 108 336 73  320 328 190 179 432 225 438 383 347 158 102 476 171 280 407 101 466 14  331 462 183 289 383 95  179 451 241 72  235 265 260 90  130 246 315 150 215 286 160 286 325 315 281 270 62  101 419 425 335 235 132 155 341 310 424 173 124 104 217 110 337 194 217 179 225 383 13  342 185 449 274 193 79  439 247 347 202 14  322 77  406 375 136 116 437 118 409 144 403 427 341 389 281 285 270 75  186 299 451 165 205 217 29  139 163 161 355 424 205 270 340 173 134 190 169 392 340 231 217 195 120 242 233 282 92  144 336 337 252 279 75  276 169 204 342 463 401 125 69  448 316 225 463 129 315 222 267 155 420 324 90  308 409 249 248 333 236 231 145 74  121 251 69  291 465 80  242 227 399 164 456 202 101 289 48  166 204 363 418 306 54  290 254 241 425 257 197 384 395 366 453 424 8   184 197 205 356 233 333 328 209 350 460 114 200 275 448 436 128 383 284 483 371 228 292 74  383 470 420 47  82  218 157 133 405 202 238 229 276 256 145 80  254 379 182 183 38  252 390 202 224 394 432 165 57  261 376 447 197 371 225 149 474 314 190 252
227 257 285 366 250 182 85  458 584 25  270 280 283 387 317 445 450 285 104 403 0   178 265 449 68  440 545 560 477 243 389 114 306 508 168 78  57  410 448 285 64  322 395 389 146 454 271 267 213 328 423 51  115 308 489 125 241 123 188 303 87  404 91  65  377 211 416 307 538 365 234 413 196 159 225 479 280 351 89  256 210 145 289 410 78  165 405 500 344 337 43  454 425 479 272 252 122 301 378 279 299 319 198 398 466 243 220 507 262 214 398 196 470 207 129 281 325 112 246 427 320 389 104 334 442 53  376 299 246 288 435 374 300 428 222 444 124 151 145 405 397 116 50  338 409 497 403 455 430 403 51  244 384 174 396 323 280 439 329 356 356 172 242 243 438 316 390 155 373 312 89  319 153 210 387 219 338 361 338 59  393 473 334 176 194 184 64  289 366 499 351 387 412 376 481 96  49  374 197 432 327 195 408 402 284 166 409 114 455 384 179 178 283 434 318 210 434 136 415 533 211 84  20  210 445 161 368 498 23  261 525 27  189 438 431 221 395 221 275 447 106 181 238 108 400 365 386 358 213 213 369 351 468 193 157 109 34  206 318 334 205 425 219 405 331 190 328 283 184 375 235 349 346 149 307 343 160 66  221 304 365 266 103 205 279 58  377 448 370 185 326 208 546 444 188 283 362 466 349 292
270 275 401 312 169 303 92  426 508 183 300 338 392 233 201 415 417 165 275 286 178 0   390 441 221 529 477 498 399 307 454 286 202 437 312 147 121 491 399 289 239 183 428 303 38  468 246 112 342 151 493 133 215 149 387 298 182 117 311 204 265 293 88  242 206 37  465 200 454 458 243 270 191 47  249 375 158 173 112 145 189 182 245 417 125 28  411 474 242 195 168 509 450 444 162 179 65  345 455 243 229 184 80  244 480 214 69  437 261 317 277 279 415 345 99  259 210 274 69  456 146 274 178 209 493 128 215 220 368 200 489 322 391 493 299 487 132 34  158 319 362 159 208 172 379 448 275 385 377 355 131 360 209 202 431 156 152 396 294 426 402 110 233 215 364 138 378 191 226 261 179 373 132 249 302 254 171 341 390 231 456 391 223 322 261 150 241 157 398 452 363 339 478 410 376 133 154 373 207 454 328 60  352 315 169 60  320 95  527 302 174 98  376 381 428 96  353 174 316 445 90  100 198 267 338 17  370 460 190 281 456 177 305 472 505 343 278 156 108 408 215 164 308 70  375 414 477 294 94  248 460 442 389 301 197 286 145 59  349 237 311 509 340 307 241 95  166 211 307 200 61  172 364 91  256 256 160 121 142 137 253 283 240 103 278 210 459 391 276 27  397 345 468 479 163 139 466 470 177 307
169 204 26  343 329 87  319 367 529 242 185 140 36  501 399 355 363 388 186 455 265 390 0   326 197 187 486 490 450 132 174 181 377 463 99  246 296 169 385 226 218 433 226 400 375 297 265 418 52  507 192 310 175 452 497 178 302 273 79  371 217 448 316 249 530 427 218 383 506 116 216 503 240 347 197 492 386 537 280 363 257 214 295 277 269 393 275 390 397 447 308 237 259 386 369 321 362 166 148 282 332 425 353 512 305 266 389 460 230 78  458 121 409 62  292 263 403 162 440 253 488 442 211 422 233 307 506 343 22  350 223 342 81  205 115 247 260 355 240 412 333 231 292 486 331 421 472 422 379 355 280 32  546 209 225 476 394 371 297 146 185 304 240 265 416 504 294 209 480 313 213 155 270 180 397 181 489 291 167 273 179 454 403 96  147 274 253 403 213 420 236 346 190 216 495 256 314 269 221 268 244 365 370 410 381 341 419 294 218 392 244 319 71  383 60  351 424 220 438 509 358 334 253 152 469 373 260 406 279 200 471 244 84  254 195 46  451 306 440 369 177 258 122 336 320 186 138 353 357 184 122 110 446 88  204 210 275 378 192 384 81  179 49  429 374 332 473 328 84  537 422 527 226 306 311 375 247 323 320 463 423 205 163 339 234 207 142 398 401 379 128 60  502 258 264 416 103 320 509 212
225 191 306 148 277 329 437 58  216 426 182 196 291 376 291 55  62  312 441 275 449 441 326 0   404 265 176 172 178 226 183 443 272 168 371 377 435 230 102 164 446 337 107 202 456 58  196 380 337 463 204 462 340 386 246 447 259 354 329 266 464 261 427 480 442 465 143 279 213 255 217 347 264 397 224 248 315 490 390 312 258 306 197 49  391 464 51  63  254 342 486 172 83  70  301 265 463 169 214 198 222 328 363 381 63  228 389 164 190 289 286 275 116 358 364 183 286 413 443 95  437 270 345 305 155 455 398 235 319 257 162 138 246 188 253 134 344 418 314 200 91  338 498 410 72  109 304 156 115 114 422 307 464 276 110 411 327 89  148 193 142 334 215 227 165 473 63  296 355 185 359 171 324 239 200 230 414 100 159 495 179 189 275 379 263 297 483 331 113 106 101 123 188 111 253 367 482 75  256 76  122 383 130 201 303 382 207 380 219 197 283 344 254 116 291 348 184 316 231 222 356 462 452 246 249 434 81  86  473 188 167 422 317 110 217 323 277 285 407 76  351 288 236 438 71  144 251 173 352 237 249 246 180 306 292 471 432 390 143 248 296 242 320 228 237 346 397 237 331 459 426 474 109 359 188 223 303 467 299 411 268 183 374 339 172 406 224 122 227 415 200 356 200 112 285 356 284 38  439 157
179 215 217 340 245 114 134 420 558 45  222 223 215 402 319 407 413 292 60  400 68  221 197 404 0   373 517 530 455 187 327 70  303 483 101 81  107 345 417 245 43  333 340 373 196 403 242 290 145 363 359 114 65  331 477 81  230 130 121 299 67  399 135 75  405 257 356 307 517 298 197 421 172 190 185 468 287 389 111 262 190 117 266 362 97  215 357 460 339 349 110 392 371 441 276 245 176 246 313 254 285 329 218 413 414 220 247 481 225 149 397 137 440 140 144 250 326 52  284 372 351 385 77  339 381 113 396 288 178 282 373 346 235 366 162 386 123 188 130 389 363 101 102 363 372 464 404 431 400 373 92  177 415 142 341 349 290 406 299 294 299 179 211 220 416 354 349 124 385 289 63  262 150 166 371 175 364 324 280 91  331 453 333 109 142 175 78  300 312 465 303 358 350 322 470 101 117 330 166 379 284 221 381 386 289 191 394 135 391 367 159 190 218 405 251 225 415 112 404 514 229 142 57  158 435 203 323 462 83  217 497 48  123 381 367 153 393 216 303 411 53  167 180 155 363 307 320 337 230 169 302 285 447 127 124 83  82  233 266 327 140 359 152 394 322 203 352 271 116 405 270 384 298 164 285 331 145 129 221 332 362 223 37  216 242 11  312 420 359 220 264 140 521 388 175 300 294 417 379 248
261 270 162 360 416 259 477 321 480 415 242 195 159 573 470 314 323 473 372 496 440 529 187 265 373 0   441 434 436 222 92  368 447 432 284 401 460 41  359 274 400 513 166 425 525 211 328 524 234 616 61  478 333 548 499 365 389 413 253 440 403 484 472 433 621 564 122 454 477 75  299 560 345 482 287 498 473 647 431 457 355 347 352 226 424 540 229 320 450 524 483 99  182 335 455 405 517 196 76  342 392 504 472 581 212 346 508 428 294 226 503 254 378 249 430 318 470 347 564 170 593 485 362 491 111 474 587 406 200 422 103 354 141 77  231 133 398 496 371 431 322 374 473 580 310 374 520 410 364 350 443 198 641 327 161 574 483 344 327 109 156 426 318 345 413 619 272 338 550 358 369 167 397 282 422 277 584 293 156 456 94  445 465 283 269 387 437 492 180 371 228 348 78  173 502 405 488 250 326 189 260 489 368 430 464 472 438 438 53  417 358 441 158 366 127 465 428 356 462 485 473 497 431 262 488 515 244 350 457 264 432 415 250 156 48  223 494 405 550 335 339 371 221 490 301 145 53  381 470 284 71  89  435 247 332 397 443 501 207 439 234 25  223 455 427 450 566 396 257 633 545 634 219 438 359 421 370 490 421 566 473 265 337 452 286 382 71  378 439 512 134 247 465 155 374 511 84  237 607 252
349 308 470 179 313 469 507 122 42  526 313 347 454 322 282 132 124 316 565 216 545 477 486 176 517 441 0   25  79  367 359 570 275 40  511 467 514 406 103 278 560 317 281 174 504 230 275 383 486 441 380 542 453 370 128 576 310 429 472 273 583 203 496 590 397 489 319 278 52  429 320 279 349 443 335 137 321 462 467 332 335 403 256 219 473 505 219 123 238 314 573 345 259 106 315 305 519 320 389 265 253 311 399 322 231 301 411 40  293 435 229 408 79  507 431 267 273 540 453 271 417 221 444 283 330 534 351 259 475 277 338 171 411 364 393 308 423 465 399 159 158 428 596 381 156 67  242 92  116 144 506 462 419 375 285 388 330 116 218 366 311 390 306 301 112 457 192 394 308 233 460 332 396 355 174 348 385 200 325 599 354 91  260 521 389 365 593 329 281 70  250 159 364 282 141 451 566 217 351 252 247 417 137 162 309 428 160 449 393 175 366 393 415 112 460 382 124 410 171 67  387 531 554 373 164 476 226 91  569 309 21  520 459 285 393 473 223 335 405 117 464 364 378 500 166 316 427 189 383 351 423 418 90  446 393 594 519 418 294 241 440 418 470 177 236 390 372 271 472 417 440 445 260 419 238 220 384 543 343 396 234 302 494 377 278 516 399 97  202 450 367 505 30  286 358 354 457 204 406 283
359 318 472 194 332 477 524 123 46  541 321 352 456 347 304 135 126 337 576 240 560 498 490 172 530 434 25  0   103 374 355 581 296 63  519 482 531 401 113 288 573 341 278 195 523 223 289 405 492 465 374 558 465 393 153 587 328 445 479 294 595 227 513 604 422 511 314 300 75  427 332 304 364 463 346 162 343 486 483 352 350 416 272 218 489 525 218 114 260 338 589 338 254 104 336 324 538 325 386 281 271 334 419 347 223 317 432 62  304 442 253 417 90  514 449 280 295 550 475 265 441 245 458 306 323 551 375 278 480 297 331 186 413 357 401 301 439 485 415 181 167 443 611 405 162 69  267 112 130 157 522 467 444 388 282 412 352 124 231 365 311 408 319 316 133 481 196 407 332 249 474 334 413 366 196 358 409 208 326 613 351 115 282 528 399 381 606 351 281 70  254 172 359 281 166 467 582 221 365 246 254 437 152 184 331 447 182 467 386 196 381 412 418 125 460 402 146 424 195 91  407 549 568 382 188 496 230 86  584 318 43  535 466 278 386 479 247 353 428 122 476 380 385 518 173 315 423 207 403 362 421 417 113 454 406 606 535 439 298 262 447 412 476 200 257 409 396 290 480 442 462 469 264 437 254 241 400 560 362 419 257 312 505 397 289 529 397 111 224 470 368 511 53  279 374 376 456 197 430 291
298 257 437 115 237 421 433 120 109 460 268 310 420 246 202 123 115 236 506 138 477 399 450 178 455 436 79  103 0   323 347 512 196 40  461 399 443 397 77  228 498 238 270 95  427 236 213 303 442 362 374 470 393 290 70  520 238 357 424 195 522 124 422 526 321 410 314 199 61  411 262 205 283 367 279 74  242 383 396 253 268 338 189 209 403 427 206 149 158 235 502 348 256 117 236 231 443 285 374 201 179 231 321 246 241 235 332 41  237 390 151 358 62  462 359 207 193 483 373 268 338 142 380 203 331 462 274 183 436 200 336 111 380 360 347 310 353 389 332 80  119 362 528 302 127 87  166 27  73  95  435 423 343 313 274 309 250 91  160 347 291 316 245 235 38  378 166 330 230 166 395 303 326 300 96  294 306 158 301 533 343 13  180 471 336 294 528 249 261 92  220 105 357 265 78  381 495 191 289 251 206 339 80  83  230 352 80  377 394 97  299 318 382 70  432 305 45  345 92  59  309 457 487 321 89  399 199 115 501 258 60  453 411 285 388 430 144 261 326 101 404 295 334 425 137 298 412 118 305 296 406 398 10  398 330 535 449 340 260 162 393 411 427 97  158 314 293 197 424 340 361 366 231 345 170 143 316 470 268 316 154 252 435 300 225 453 384 57  123 372 341 460 69  289 288 274 438 215 327 238
42  72  126 212 207 104 262 254 410 219 55  37  111 377 273 241 249 266 215 324 243 307 132 226 187 222 367 374 323 0   151 217 250 340 146 187 248 184 264 95  226 310 152 268 304 217 134 307 119 399 188 271 128 337 366 221 179 191 105 243 241 316 255 261 413 341 173 256 381 154 88  374 125 259 71  361 265 430 213 245 138 126 164 180 208 319 176 286 266 323 285 212 184 275 247 197 299 60  148 151 202 302 251 386 228 139 287 337 98  68  327 50  288 140 208 131 275 187 342 184 378 310 148 295 199 265 384 213 114 223 193 213 89  190 27  201 177 274 148 280 209 155 287 370 211 305 341 296 255 229 232 101 431 105 153 362 274 251 166 120 112 203 111 138 287 400 179 116 354 181 159 76  175 60  265 58  373 167 95  278 154 326 274 154 50  166 264 283 125 305 125 218 175 135 364 187 286 156 106 192 120 267 242 278 258 249 287 217 222 260 136 219 79  259 137 245 294 135 306 382 253 283 241 39  337 293 147 295 265 68  350 216 92  194 200 107 320 189 332 252 138 149 11  272 201 122 171 222 251 63  154 137 318 80  110 246 236 279 82  254 72  202 103 297 243 229 356 199 106 422 324 418 117 215 179 243 147 281 205 351 292 73  152 232 102 192 152 274 269 289 90  137 379 201 154 299 167 233 395 84 
184 185 148 268 329 219 413 237 400 364 157 117 137 482 380 229 238 384 339 403 389 454 174 183 327 92  359 355 347 151 0   338 357 347 254 338 399 51  271 184 360 424 78  333 454 137 239 438 206 530 39  420 275 461 409 337 303 341 215 349 369 391 406 395 532 488 46  364 392 74  215 467 265 406 206 407 385 561 365 370 272 277 261 140 359 468 142 244 358 434 432 66  102 252 367 318 450 111 32  252 301 414 391 490 142 260 426 343 207 179 411 194 292 226 357 228 379 312 483 92  507 393 299 400 59  415 496 315 177 332 49  262 98  39  168 73  327 423 297 339 231 306 429 492 220 291 427 321 274 258 383 169 552 253 74  487 395 256 234 33  63  347 233 258 322 534 181 266 459 267 309 82  322 205 330 199 495 201 67  416 5   355 373 256 201 307 399 403 88  288 136 256 24  81  411 339 434 158 247 110 167 410 276 338 375 395 346 368 72  325 280 362 114 277 122 383 336 286 369 399 391 434 384 190 396 441 152 269 409 179 348 362 208 85  53  192 402 320 465 249 283 292 153 423 210 52  68  288 388 206 67  69  346 200 260 367 385 421 116 347 188 67  191 363 335 370 478 306 218 545 465 547 126 363 267 329 294 431 337 479 381 179 290 370 197 334 42  289 346 435 63  223 381 88  294 424 103 163 519 163
222 262 206 397 313 120 196 466 611 103 263 251 209 472 387 452 459 361 10  466 114 286 181 443 70  368 570 581 512 217 338 0   371 538 84  151 167 346 468 292 50  403 365 435 258 433 299 360 134 432 365 166 121 401 539 11  295 200 123 366 37  464 198 72  474 321 374 374 574 295 250 490 234 258 235 530 356 457 180 331 252 180 325 398 166 278 394 502 404 418 148 404 398 487 344 311 235 277 318 313 348 398 288 483 444 280 316 535 277 161 464 168 491 119 214 305 394 30  352 397 420 451 144 407 396 167 466 352 168 348 387 402 240 374 190 404 193 255 197 451 413 169 120 433 420 513 472 487 453 426 155 171 484 201 366 419 360 456 353 305 323 249 267 280 474 422 392 186 455 348 132 285 219 214 433 222 434 372 303 96  342 512 400 85  182 242 76  369 341 514 341 412 359 349 533 171 159 371 225 407 329 290 436 447 358 260 456 204 394 429 224 260 223 458 241 295 474 177 467 572 299 199 95  199 499 269 363 508 116 263 551 109 131 403 370 146 459 284 373 460 110 233 208 218 410 329 317 396 300 218 300 285 505 141 184 29  142 303 300 392 153 358 147 457 387 273 422 335 119 475 338 453 334 234 344 395 212 181 289 401 429 269 77  286 292 79  315 473 423 288 278 121 577 410 241 370 284 450 448 291
209 182 375 125 58  315 246 242 305 294 209 261 361 127 23  233 232 42  362 97  306 202 377 272 303 447 275 296 196 250 357 371 0   235 346 231 261 405 207 173 342 68  301 101 232 315 120 112 348 190 395 287 252 114 188 380 78  182 321 7   369 99  236 364 177 214 347 7   252 392 162 126 144 173 180 177 47  218 217 57  125 191 95  266 228 230 260 290 40  77  323 392 310 256 40  60  250 251 371 104 55  58  126 136 326 111 136 235 156 301 93  258 219 363 177 128 25  345 180 320 165 83  226 45  373 279 139 41  357 26  374 136 336 387 262 360 183 194 173 116 182 202 354 140 202 253 101 184 184 167 258 345 198 179 305 139 57  207 130 338 293 133 138 112 163 201 216 188 104 93  240 280 155 197 100 196 143 178 291 365 356 188 29  358 232 128 365 59  275 257 228 153 377 286 178 211 313 222 160 311 192 143 159 112 34  159 117 194 425 100 148 130 329 187 387 110 151 194 115 243 114 269 320 224 141 203 224 269 328 188 254 287 309 339 409 341 89  87  137 220 261 138 258 234 201 305 404 102 110 193 391 376 186 298 192 386 274 143 240 34  300 423 337 105 40  123 126 51  319 191 166 202 235 160 91  56  158 284 85  138 59  185 296 108 161 298 379 195 73  175 317 361 265 345 130 85  411 308 168 194
