300
0   376 384 293 273 498 130 476 155 327 280 53  330 435 246 339 213 462 410 410 353 399 433 62  460 487 356 343 220 353 412 202 502 322 310 91  196 384 506 155 229 238 165 167 441 72  535 266 473 130 15  392 295 113 132 286 500 254 209 520 204 461 329 387 196 380 317 178 66  298 266 420 334 85  160 17  165 407 425 158 458 72  379 304 426 441 115 454 473 263 466 166 461 71  279 442 265 364 284 504 265 312 481 395 218 517 270 224 380 385 483 444 84  198 355 564 84  337 456 458 167 449 474 418 283 212 286 426 307 345 420 187 421 208 323 416 422 529 283 419 270 149 448 489 269 531 347 135 359 42  410 516 24  305 324 93  470 315 445 387 259 349 547 282 504 219 101 187 178 466 117 278 289 195 459 105 360 326 277 460 242 317 249 125 472 442 551 331 562 320 368 450 384 361 474 265 344 277 134 104 182 359 228 84  398 317 472 383 438 401 83  281 175 205 325 348 434 68  506 259 8   224 241 227 272 269 249 226 277 227 117 319 421 333 201 384 337 175 272 267 338 439 392 216 308 154 414 427 303 147 460 77  490 335 70  324 82  419 331 354 300 475 279 161 321 63  433 493 143 398 117 285 468 349 365 358 471 389 413 177 364 282 353 355 389 496 119 324 297 531 433 148 244 182 366 179 148 373 216 395
376 0   403 267 115 126 284 117 256 236 101 331 105 82  129 37  268 297 180 335 269 351 372 313 317 343 247 276 417 133 221 194 204 73  102 349 271 153 175 246 198 280 233 447 225 336 166 306 146 440 374 18  131 389 276 121 248 413 205 203 276 145 294 287 204 281 76  305 309 350 163 363 48  300 266 367 212 46  424 232 288 405 299 130 306 81  381 188 99  235 94  307 184 332 98  65  258 57  400 167 116 122 422 203 185 155 227 279 217 394 110 158 305 254 105 197 292 57  181 167 318 293 430 172 181 314 121 244 208 336 390 199 235 220 239 121 54  170 311 43  112 348 407 212 244 188 244 419 364 334 294 218 359 70  79  307 234 229 193 102 182 30  204 94  450 398 344 291 208 258 344 146 269 181 323 284 125 259 208 112 206 199 182 339 215 66  199 302 203 120 357 203 25  200 208 228 56  324 409 287 394 124 157 395 125 206 296 19  63  415 445 116 226 247 280 353 59  314 451 117 379 421 151 153 159 110 187 385 130 419 290 61  89  113 201 308 129 280 114 127 268 243 24  173 133 462 218 333 114 335 90  318 278 123 383 95  294 78  139 48  331 343 266 247 397 410 357 125 443 403 270 118 111 83  206 146 195 53  43  450 224 147 23  264 79  257 458 84  240 178 338 285 272 244 186 394 439 225 160 59 
384 403 0   143 318 450 431 411 428 556 391 393 459 386 355 379 494 192 258 98  136 71  85  365 169 178 161 592 194 498 219 409 339 335 437 293 482 268 383 278 449 168 281 278 242 313 463 131 365 310 397 405 450 284 423 430 289 155 433 370 493 348 109 132 415 134 416 211 355 87  452 78  404 389 253 394 326 448 40  398 196 337 115 277 144 481 278 294 442 510 433 223 306 317 345 444 528 348 113 388 329 458 108 225 420 435 509 180 201 10  444 314 399 221 301 477 344 419 304 322 219 181 95  274 484 176 296 208 522 67  53  299 213 448 556 323 404 436 115 423 330 235 75  313 175 410 161 284 39  374 142 344 393 367 327 304 266 543 279 493 464 401 418 365 124 182 283 209 392 236 267 270 143 344 162 310 496 571 205 388 227 203 247 259 288 442 437 101 457 283 47  274 428 210 297 191 347 114 277 400 218 495 389 317 304 528 205 422 447 16  375 306 415 471 123 51  427 386 127 367 378 193 405 323 258 336 242 167 430 188 285 396 360 289 275 107 274 471 321 305 134 222 395 297 464 311 224 117 441 237 425 408 246 478 323 445 349 481 487 355 93  163 151 425 70  352 99  436 300 16  394 299 403 455 206 262 307 365 404 271 187 452 387 142 475 274 347 321 539 427 117 252 522 445 226 222 290 190 361 460
293 267 143 0   174 336 305 299 297 414 247 285 316 266 212 240 360 172 163 121 60  118 151 255 167 194 71  451 186 354 142 270 261 196 294 210 349 156 290 154 309 56  152 251 173 221 358 49  264 267 302 273 307 223 297 286 233 166 294 288 359 247 41  94  278 87  273 119 246 83  310 138 263 273 136 298 193 313 174 266 169 269 86  138 133 348 215 209 322 370 313 130 220 222 202 316 389 216 140 293 186 315 205 134 280 331 368 69  110 136 326 217 282 97  172 378 231 277 216 228 133 159 204 177 341 94  154 147 380 77  150 163 146 310 414 211 278 336 46  293 187 165 176 239 33  319 63  239 104 270 117 271 293 225 189 200 203 401 195 351 322 262 331 222 232 166 199 107 255 188 187 127 4   205 166 197 353 429 62  277 85  73  104 178 215 315 345 46  363 147 103 195 291 103 222 48  211 61  229 279 183 352 248 250 189 386 183 286 318 158 313 163 281 335 33  92  300 274 234 223 289 189 263 181 115 192 99  148 287 185 177 254 241 156 137 92  144 340 177 161 45  162 264 156 321 279 146 136 298 159 305 293 209 334 248 302 235 345 344 220 64  182 14  293 130 281 146 323 262 148 270 157 290 313 102 140 225 237 276 249 90  309 250 63  335 224 300 183 398 331 141 145 385 311 116 185 254 99  219 322
273 115 318 174 0   226 208 203 186 248 74  235 141 161 50  78  226 266 168 271 198 280 307 212 278 307 181 287 304 180 192 132 241 48  119 236 221 135 236 132 159 173 120 332 211 225 262 204 203 326 274 128 135 274 198 115 258 303 153 254 229 192 209 225 143 218 99  190 207 251 146 296 93  207 151 268 108 157 346 154 258 294 231 55  255 194 267 202 203 216 196 192 205 222 27  178 238 90  295 232 15  141 361 171 133 243 212 170 172 310 212 183 214 141 90  291 189 105 200 196 203 257 365 169 176 202 26  214 214 250 317 88  206 171 249 148 152 255 212 154 14  233 339 236 145 259 175 304 278 233 240 256 260 53  51  195 233 236 197 179 162 97  275 47  390 286 230 177 133 244 229 48  175 85  281 174 179 266 112 187 98  123 74  224 225 178 278 217 289 63  275 206 132 149 224 128 71  223 294 199 279 177 95  283 134 218 270 129 177 332 335 15  158 200 197 266 167 218 391 55  275 308 104 47  59  19  79  274 117 306 178 81  148 72  86  241 85  222 3   14  191 220 124 60  148 347 191 276 124 220 189 228 269 160 272 127 191 183 170 82  234 302 169 178 298 300 296 221 328 321 183 23  194 139 155 112 216 116 144 335 168 140 92  194 166 260 346 51  238 258 282 170 242 185 142 280 324 173 78  158
498 126 450 336 226 0   410 40  382 340 227 455 218 71  252 160 391 296 193 364 315 387 397 436 321 340 290 377 509 232 235 320 149 178 221 462 395 183 98  358 322 365 346 551 222 452 41  382 93  550 498 108 250 498 402 243 211 498 330 129 399 107 350 320 330 317 200 404 431 418 285 392 173 424 373 491 332 116 462 358 287 521 336 216 324 106 490 169 27  352 31  409 158 449 218 69  374 137 477 88  233 238 439 226 311 42  343 368 249 440 15  140 430 353 167 72  413 178 158 138 418 298 452 178 297 405 222 253 317 389 423 315 245 344 344 127 75  57  382 83  228 452 433 171 322 91  291 526 415 456 317 158 482 193 177 422 213 336 181 185 303 156 102 218 465 489 455 389 334 247 453 240 339 303 328 401 222 363 287 62  299 263 278 447 188 66  88  357 84  201 404 190 129 242 178 309 155 397 517 412 492 222 283 509 148 313 289 126 76  459 562 222 352 370 337 407 67  438 464 242 500 513 277 271 251 229 282 474 253 510 404 187 94  188 310 345 195 405 227 236 320 244 106 287 249 570 230 355 233 439 37  443 257 230 498 212 415 134 246 144 398 345 339 373 463 527 380 16  551 446 396 221 47  192 245 195 163 111 84  553 264 267 146 309 164 226 572 179 351 71  358 393 391 370 226 493 546 260 285 141
130 284 431 305 208 410 0   397 29  196 183 77  215 357 164 251 84  453 372 426 357 424 457 86  458 487 351 214 310 232 388 91  449 250 200 176 67  341 441 153 104 264 153 281 412 149 450 299 408 251 120 302 178 217 10  175 464 334 87  461 76  399 347 391 81  383 214 223 92  344 145 444 237 52  177 114 116 305 469 54  446 195 389 256 428 336 215 409 384 133 379 213 413 143 202 347 136 290 353 436 195 195 510 368 103 437 139 250 360 428 395 391 48  211 298 481 93  235 408 405 221 442 507 376 157 258 230 407 177 376 453 148 400 81  193 356 337 451 316 327 198 223 480 444 274 461 343 247 397 95  411 464 106 219 255 139 437 184 404 271 134 255 478 195 536 302 181 223 77  442 194 235 303 124 459 124 240 197 265 386 228 298 222 197 432 348 477 351 485 269 402 412 285 338 431 263 269 317 242 34  272 239 127 199 343 187 460 286 342 447 214 221 58  75  338 385 344 67  538 171 137 315 134 163 235 195 224 302 165 316 151 223 350 279 173 396 290 48  205 208 344 416 305 169 188 276 388 439 190 214 374 52  468 216 183 213 90  311 209 277 338 478 293 38  380 190 452 409 262 441 36  228 390 237 344 316 424 312 327 290 349 163 264 356 278 464 248 257 166 457 445 180 116 53  337 269 264 357 132 289
476 117 411 299 203 40  397 0   370 346 215 436 219 41  235 146 385 257 153 324 276 347 357 415 281 301 251 385 475 239 195 308 115 154 218 434 387 144 68  331 315 330 319 520 182 427 61  346 55  521 477 99  247 469 388 238 175 462 321 100 393 68  311 280 319 277 193 372 409 381 280 352 165 406 344 470 310 122 422 343 248 495 296 185 284 125 461 129 43  351 37  378 119 423 198 79  374 112 439 59  211 238 399 186 300 40  343 335 209 400 38  100 412 322 133 88  392 173 118 99  387 258 412 138 297 371 194 213 320 349 383 290 205 336 350 88  62  54  345 81  206 421 393 135 286 72  252 496 375 436 277 125 462 177 152 397 175 341 142 196 299 147 88  202 425 455 427 357 320 208 424 210 302 284 289 377 229 369 252 22  267 226 247 417 150 75  82  318 87  169 364 150 128 203 140 274 132 360 487 396 459 229 269 482 109 317 250 124 86  419 537 196 340 363 299 367 67  419 425 226 478 479 266 249 220 208 251 439 247 475 377 177 59  156 283 305 161 396 204 210 281 204 93  262 249 541 190 315 230 409 34  426 219 234 472 211 394 148 250 122 360 306 303 361 424 502 340 25  521 406 379 193 8   194 206 158 125 86  73  522 224 263 133 270 172 189 544 153 354 61  318 364 389 360 187 461 516 220 267 148
155 256 428 297 186 382 29  370 0   174 155 101 185 330 139 224 70  438 352 417 346 416 449 104 444 474 338 195 320 203 370 62  426 225 170 189 55  320 416 149 75  260 147 298 393 163 422 296 383 271 146 274 149 233 23  145 443 341 58  437 66  374 339 379 52  371 185 225 108 342 115 436 209 72  177 140 105 276 465 33  431 216 379 236 416 307 229 388 356 111 351 217 391 157 177 318 117 265 357 410 172 165 503 350 73  410 116 247 344 424 367 368 70  207 276 454 104 206 386 382 225 427 501 355 128 259 209 390 151 370 447 136 383 53  171 333 309 424 312 299 175 232 474 422 265 435 330 264 393 116 399 441 132 193 231 149 417 161 383 242 106 226 452 169 530 310 193 223 53  425 205 217 295 104 446 131 211 176 252 359 216 283 208 207 411 320 451 344 458 248 397 391 256 322 410 253 243 314 258 52  283 209 100 218 320 162 444 257 313 444 238 200 30  53  329 381 315 88  531 145 162 325 106 142 218 171 211 308 135 326 156 195 324 258 162 386 269 43  183 187 334 399 277 153 159 296 370 428 160 221 347 78  450 187 202 183 101 281 180 251 335 466 285 8   381 212 443 382 280 437 43  207 363 208 327 296 402 286 299 306 334 133 237 345 248 444 270 234 145 430 434 182 101 27  319 280 282 342 108 260
327 236 556 414 248 340 196 346 174 0   175 273 130 317 202 225 117 510 400 519 445 526 555 278 524 553 429 40  483 108 433 154 440 257 140 360 133 368 410 296 113 393 288 471 446 335 380 429 383 445 316 251 115 405 195 134 479 499 133 439 127 381 452 473 152 466 169 377 282 478 104 543 196 246 325 311 240 224 588 184 501 390 479 301 503 236 401 419 314 63  314 371 417 329 223 271 66  278 507 402 234 116 609 413 140 379 58  384 417 550 326 391 243 343 314 410 275 182 413 401 382 502 612 396 72  405 274 456 33  491 562 260 447 125 5   352 286 395 442 265 234 396 586 447 381 419 423 437 518 290 488 455 303 214 266 317 461 13  421 155 92  211 434 203 638 471 363 371 178 480 373 296 413 215 528 295 118 23  355 346 328 371 310 373 446 274 425 459 424 305 517 431 219 395 441 365 262 449 430 226 448 118 166 392 350 30  512 224 264 571 411 263 164 121 440 505 279 262 639 193 334 488 150 232 305 228 314 466 131 489 318 192 325 307 283 488 324 154 244 258 437 459 260 258 106 470 431 524 130 384 313 249 503 113 376 142 273 207 97  263 465 549 405 170 522 386 544 346 454 562 217 271 342 153 402 350 428 286 276 478 416 107 230 442 176 487 444 272 31  406 530 337 91  147 386 446 455 420 195 199
280 101 391 247 74  227 183 215 155 175 0   233 71  176 43  69  174 335 228 345 272 354 382 217 348 377 255 215 358 108 259 92  284 85  47  267 173 195 266 170 103 239 158 372 274 249 267 272 234 359 277 119 60  310 174 41  313 363 105 290 180 228 283 299 103 292 38  244 215 321 77  370 55  201 196 270 124 126 420 131 326 318 306 125 328 160 303 253 200 151 195 242 254 245 48  164 174 117 360 259 61  67  436 238 85  255 145 233 242 384 212 229 205 198 143 298 199 56  249 241 253 327 440 226 105 263 99  282 142 324 391 123 273 121 176 190 154 270 282 144 60  278 414 284 216 283 249 341 352 238 313 299 262 43  94  222 292 164 253 119 95  71  299 27  464 342 264 233 107 308 267 123 247 89  352 198 109 195 186 206 166 197 144 264 279 165 297 291 303 129 349 262 104 220 276 200 96  292 333 187 329 107 55  310 183 145 337 104 160 405 354 88  125 150 271 339 160 216 465 28  284 363 50  78  133 55  149 332 44  362 210 39  174 133 136 315 149 181 71  86  265 286 122 106 74  383 257 350 50  265 191 218 331 87  297 58  200 140 96  102 305 373 240 146 367 320 370 226 364 395 170 96  209 77  226 176 265 134 144 377 240 68  82  269 113 318 372 99  168 276 355 213 183 144 211 328 362 245 65  115
53  331 393 285 235 455 77  436 101 273 233 0   279 395 202 295 161 448 384 406 342 399 433 29  448 477 343 291 248 301 391 150 471 283 260 111 144 356 471 135 175 235 141 209 419 85  493 267 438 176 46  348 243 148 78  236 475 278 156 487 152 426 324 377 144 370 268 182 39  306 213 419 288 32  148 39  127 359 433 106 443 119 372 272 416 393 146 426 430 210 423 170 432 80  238 396 213 325 303 468 225 260 483 373 166 477 216 221 361 392 440 413 31  187 322 524 55  289 427 427 175 436 478 391 229 217 251 408 253 346 423 154 402 154 270 382 380 490 285 375 230 166 451 461 257 494 334 175 364 21  399 486 30  262 286 89  447 261 418 336 206 303 510 237 508 244 119 186 128 446 135 248 282 152 448 88  308 274 259 422 222 297 224 140 446 397 513 327 523 288 371 425 337 340 447 250 304 281 171 50  210 306 179 125 365 263 457 337 392 410 137 245 122 152 318 352 390 17  510 214 60  253 191 188 244 228 225 247 226 255 110 272 383 300 173 378 307 123 233 231 328 419 349 182 255 201 393 421 252 160 418 25  471 283 109 274 51  370 278 314 303 466 271 107 335 113 430 452 187 406 65  250 428 298 345 330 442 349 370 218 347 229 309 344 339 473 171 287 243 493 427 143 192 128 343 207 191 356 171 346
330 105 459 316 141 218 215 219 185 130 71  279 0   187 113 97  176 387 274 408 336 419 445 269 403 431 317 170 428 38  310 128 310 135 24  329 183 242 280 238 113 310 226 438 320 310 259 343 252 421 325 121 36  373 208 44  350 434 128 309 185 251 351 360 135 354 44  314 268 391 72  434 67  246 265 318 187 102 487 172 378 376 369 187 386 125 367 290 191 133 189 312 287 304 114 148 156 149 431 272 130 21  498 290 113 254 125 304 298 452 203 261 249 269 189 290 255 52  283 271 323 381 503 268 79  333 164 333 102 392 457 192 324 137 133 222 157 270 352 138 129 346 478 316 286 291 312 406 420 288 372 324 309 94  144 283 333 123 292 57  88  81  307 93  527 412 327 303 151 354 332 189 316 153 408 259 38  153 254 217 237 261 214 330 316 151 300 358 301 186 416 303 91  277 311 269 135 362 397 229 397 36  105 371 222 100 387 95  142 473 409 153 159 159 338 408 153 263 528 98  335 433 89  148 200 123 219 402 52  432 275 67  195 186 206 378 203 197 138 154 331 335 130 176 31  446 307 410 27  333 188 260 376 19  356 14  255 97  34  134 375 429 310 177 438 377 432 222 427 462 214 160 214 25  284 228 298 156 146 443 299 53  100 332 63  358 431 149 135 280 416 281 173 166 266 397 426 303 127 79 
435 82  386 266 161 71  357 41  330 317 176 395 187 0   194 107 348 246 133 304 250 325 339 373 269 292 225 357 438 212 177 268 126 112 184 393 350 118 92  290 278 294 278 481 171 385 101 312 65  480 435 66  213 429 347 202 178 427 282 121 355 68  282 257 279 254 158 333 368 349 245 332 129 365 304 428 269 100 400 303 237 454 272 145 267 115 421 123 56  317 47  338 116 382 157 68  340 70  406 85  169 205 384 164 262 82  309 297 185 376 60  91  371 283 96  130 350 139 113 96  348 246 395 120 263 334 153 198 290 322 362 249 189 298 320 65  32  95  312 58  165 381 374 139 251 106 225 457 349 394 258 139 420 137 110 356 171 311 132 174 264 111 123 161 411 418 387 319 279 200 383 170 269 242 276 335 203 340 216 30  228 193 208 377 148 65  120 290 128 130 339 142 98  176 140 238 90  327 447 355 421 203 229 441 82  288 242 93  74  395 496 155 300 326 269 340 51  378 411 185 436 442 227 207 181 166 211 403 211 439 336 139 26  117 242 282 124 357 162 169 253 192 58  220 216 501 173 297 196 369 39  385 216 204 431 178 352 132 220 81  329 295 269 321 394 460 322 61  481 382 338 152 33  164 180 126 125 45  42  483 199 229 95  244 149 190 503 111 323 100 301 323 354 321 160 422 476 196 226 125
246 129 355 212 50  252 164 235 139 202 43  202 113 194 0   92  175 317 218 316 243 323 352 184 327 357 228 241 315 149 243 82  287 86  89  225 170 185 277 127 108 198 115 330 262 210 291 233 244 318 245 146 96  268 154 76  308 321 102 297 179 235 250 272 93  265 80  201 180 282 99  340 89  171 153 238 84  162 386 109 309 279 277 105 304 198 261 250 227 166 221 199 253 205 37  195 188 126 319 272 35  106 407 222 82  275 163 192 222 349 238 230 177 156 138 321 163 95  248 243 210 307 409 219 130 220 77  265 168 289 359 80  257 120 203 193 177 289 244 172 37  235 383 284 180 297 221 299 316 204 288 302 230 59  92  181 283 190 247 162 113 102 314 35  435 299 222 190 86  295 225 95  211 51  331 158 151 219 152 222 128 170 107 221 274 195 314 257 322 114 314 256 138 199 272 163 104 252 290 160 286 149 44  270 182 174 320 137 191 370 317 66  110 149 238 304 188 185 436 15  249 320 54  35  102 33  112 289 75  319 168 74  186 122 93  286 135 173 47  57  234 271 146 63  110 341 242 323 90  222 215 191 320 128 257 101 164 180 135 113 267 351 204 130 328 282 342 249 322 360 144 74  227 120 205 163 264 149 168 335 217 97  107 240 155 311 333 95  189 294 329 170 191 136 193 285 320 223 32  155
339 37  379 240 78  160 251 146 224 225 69  295 97  107 92  0   242 291 177 318 249 332 355 276 308 335 228 266 382 131 214 161 218 44  84  311 243 146 197 208 171 248 196 410 223 298 200 276 166 402 338 53  112 351 242 98  254 380 175 222 249 161 270 270 172 264 56  269 272 321 140 346 30  263 229 330 174 78  404 198 282 367 280 103 293 115 344 194 134 214 129 271 192 294 61  103 237 53  370 190 78  108 407 194 154 186 207 246 204 371 145 166 269 219 93  230 255 45  188 177 282 285 414 171 162 280 89  237 194 312 370 162 228 191 227 127 86  200 282 80  74  311 390 222 214 213 224 381 340 297 280 233 322 33  52  269 236 216 195 114 159 21  230 57  436 364 306 256 174 257 306 115 242 143 313 246 126 247 179 137 173 176 149 301 220 104 227 278 234 97  334 206 54  185 215 198 38  294 372 252 358 125 123 357 125 194 291 50  100 392 407 82  193 219 256 329 95  278 437 81  341 387 120 115 128 73  154 351 106 385 253 34  106 94  164 290 110 250 77  91  246 238 54  136 119 425 211 319 95  298 124 282 279 116 345 83  256 106 131 38  303 334 237 215 369 372 341 158 405 381 235 86  139 82  191 133 203 66  76  414 208 126 14  245 95  261 420 58  225 207 324 248 249 214 172 358 402 210 124 82 
213 268 494 360 226 391 84  385 70  117 174 161 176 348 175 242 0   489 393 477 404 478 510 170 498 527 394 130 390 179 418 94  457 256 169 259 17  361 439 217 71  326 213 366 437 232 432 363 408 336 201 286 141 301 86  147 482 412 72  464 10  402 401 436 85  429 192 295 176 410 106 497 220 137 246 196 168 277 531 96  482 279 438 280 471 301 298 424 364 56  360 287 426 226 209 322 52  291 427 433 211 155 565 397 92  424 65  314 394 490 376 401 132 273 312 463 174 212 421 414 296 479 564 394 100 328 252 439 105 435 511 197 431 54  113 363 323 439 379 308 213 302 537 457 327 455 386 332 459 179 455 472 189 217 264 219 459 106 422 226 88  238 471 195 592 381 263 292 104 470 275 265 358 157 500 201 189 113 310 379 276 337 264 278 449 325 467 407 471 289 461 431 261 371 446 313 270 382 326 117 353 188 130 283 354 115 494 264 316 511 296 241 79  26  391 446 324 152 594 175 221 395 125 190 269 208 267 379 138 397 227 209 348 297 223 446 311 38  222 231 393 446 292 208 145 361 417 487 157 292 358 136 495 170 267 179 171 273 158 276 401 521 348 71  450 274 503 393 346 503 113 249 379 201 378 338 437 308 312 374 387 124 253 403 238 486 332 267 86  447 493 252 31  49  367 350 349 394 150 256
462 297 192 172 266 296 453 257 438 510 335 448 387 246 317 291 489 0   117 94  112 121 114 419 26  45  106 550 342 423 77  395 160 253 371 383 482 145 210 313 425 228 308 417 75  391 298 213 203 437 471 292 394 395 443 375 101 312 417 190 491 189 146 81  404 87  344 291 410 214 411 115 321 431 303 466 336 336 185 405 9   441 96  211 50  359 387 127 296 483 288 303 138 392 288 314 505 242 273 218 281 395 145 97  398 270 478 242 94  181 294 157 440 264 198 305 393 336 138 158 306 13  160 127 440 266 239 53  477 158 147 304 62  435 511 183 274 266 199 299 280 337 146 133 193 235 115 409 171 436 60  161 461 296 244 369 85  499 115 400 428 310 239 307 169 324 372 279 388 51  360 224 177 334 34  362 417 530 190 237 227 155 230 351 110 311 260 148 281 205 155 106 323 117 120 198 253 213 400 432 348 416 361 422 173 479 13  316 319 193 486 251 415 463 144 171 297 435 168 321 459 344 371 299 220 286 228 306 380 339 345 320 223 202 280 98  185 479 270 259 127 55  280 285 405 447 79  75  380 331 281 452 54  407 421 373 397 370 421 255 198 48  186 432 239 454 96  280 431 180 420 242 252 373 111 159 134 247 279 414 103 403 292 109 377 84  472 238 503 255 75  314 508 445 124 352 422 95  338 356
410 180 258 163 168 193 372 153 352 400 228 384 274 133 218 177 393 117 0   171 127 194 205 356 137 162 102 440 349 308 43  300 99  143 259 345 389 32  128 254 325 208 245 409 46  346 205 213 106 418 415 175 284 370 362 266 92  329 321 125 397 90  164 127 311 124 231 264 349 238 305 200 207 360 254 409 259 219 269 319 107 407 143 116 133 243 361 47  187 379 178 272 57  344 185 200 402 125 300 132 182 284 250 33  300 177 374 217 58  248 187 56  369 221 85  220 330 222 53  66  279 114 261 15  333 251 143 65  367 200 230 229 56  339 402 68  159 178 207 182 180 314 241 81  163 157 106 391 224 376 125 110 402 186 134 318 65  390 35  283 323 194 168 202 277 329 335 249 299 80  327 137 167 248 144 304 302 421 138 131 169 100 160 319 62  197 183 171 203 104 212 40  206 60  64  157 139 223 382 357 342 301 263 390 56  369 115 199 204 266 452 153 325 368 154 218 182 368 277 219 408 352 270 209 139 185 161 311 272 348 295 208 108 96  210 152 83  389 171 164 135 62  163 204 293 434 39  163 269 304 171 382 103 293 385 260 334 253 308 139 218 163 171 344 279 417 188 178 416 253 343 145 146 258 60  56  64  129 163 408 76  295 176 120 260 92  448 129 396 171 167 271 408 353 48  344 408 70  245 238
410 335 98  121 271 364 426 324 417 519 345 406 408 304 316 318 477 94  171 0   73  26  37  376 73  89  90  557 259 446 129 384 244 275 388 323 467 187 289 275 420 171 273 338 147 337 373 145 275 363 420 334 406 327 417 386 192 225 408 275 477 259 81  48  393 54  363 231 366 129 415 28  346 394 257 416 311 379 98  384 98  377 39  221 46  408 319 201 358 481 350 243 213 339 297 367 502 278 184 295 285 411 90  139 392 345 479 185 119 87  359 225 403 218 230 385 352 361 211 230 244 83  95  186 446 200 245 113 485 72  59  280 120 425 519 239 326 344 128 348 285 271 71  217 152 316 96  335 78  390 47  248 412 313 266 319 169 507 186 432 430 340 323 318 119 242 312 223 372 138 298 222 124 319 67  318 442 536 167 302 200 147 213 289 192 365 343 78  363 221 62  180 361 134 201 163 282 137 327 400 271 441 357 357 222 489 108 355 371 100 420 256 398 451 88  80  349 395 120 325 405 260 370 290 214 291 209 224 388 255 296 341 278 224 254 30  208 459 274 260 83  126 323 269 419 370 134 21  394 268 342 414 148 427 359 393 356 413 439 288 118 74  134 412 147 391 26  349 356 87  390 249 317 399 129 188 213 291 328 334 110 411 323 76  412 176 399 260 506 334 25  264 500 428 149 275 346 110 330 394
353 269 136 60  198 315 357 276 346 445 272 342 336 250 243 249 404 112 127 73  0   83  109 313 107 134 25  484 236 374 94  311 218 205 315 271 395 132 255 209 347 116 206 307 123 281 331 102 233 326 362 271 333 283 347 313 181 210 335 247 405 216 39  34  320 27  292 179 303 115 342 98  276 328 194 357 241 314 154 313 109 329 34  149 73  346 275 168 306 408 297 191 180 282 224 308 428 213 177 259 211 339 164 93  318 303 405 130 68  126 308 183 337 155 165 347 288 291 177 192 194 98  167 142 373 154 173 93  411 73  121 209 94  352 446 187 268 305 91  287 212 225 141 194 85  283 25  297 99  328 57  226 352 242 196 260 152 433 153 363 356 271 293 245 192 217 260 168 300 132 247 149 64  247 106 255 372 463 94  254 129 74  140 238 169 306 310 45  329 152 89  151 295 74  176 93  215 106 288 332 238 370 283 310 168 416 123 289 311 146 374 184 326 378 33  91  291 330 193 251 349 238 297 217 140 217 136 199 315 234 236 270 224 156 183 43  140 388 201 186 15  108 260 196 346 337 99  82  322 219 289 349 152 355 309 322 292 348 367 221 95  123 74  340 152 342 99  301 320 133 322 176 268 328 70  126 183 229 268 305 51  338 256 6   344 170 360 191 433 298 88  205 427 356 90  242 311 56  257 327
399 351 71  118 280 387 424 347 416 526 354 399 419 325 323 332 478 121 194 26  83  0   34  369 99  112 104 564 238 457 152 388 270 288 398 311 468 207 314 271 425 163 271 319 173 326 397 133 298 346 410 352 415 312 415 395 218 203 412 300 478 282 77  67  395 71  375 221 359 110 422 20  359 389 251 407 311 396 75  384 125 363 52  232 72  426 305 225 380 486 371 233 238 329 307 387 506 295 161 320 293 421 86  161 396 369 484 178 139 60  381 248 398 213 246 410 346 374 236 254 232 110 86  209 454 187 255 139 492 55  38  281 144 428 527 260 346 369 115 366 294 257 59  243 151 342 108 318 53  382 72  274 403 325 279 311 195 514 211 446 436 354 349 327 113 222 300 213 374 165 285 231 121 322 93  311 455 543 171 325 202 157 217 276 218 384 368 72  388 235 38  205 377 152 227 165 297 123 310 396 253 453 362 343 243 497 134 371 390 74  405 266 399 453 87  58  369 389 115 333 394 238 377 295 221 299 213 205 396 233 289 353 299 239 255 43  223 459 283 268 89  152 341 272 428 351 157 47  404 255 363 409 175 438 345 405 350 430 450 303 102 97  131 412 122 377 37  372 337 61  388 259 340 412 146 206 238 309 347 314 128 419 338 87  427 203 382 274 512 359 49  256 503 430 167 257 328 129 335 410
433 372 85  151 307 397 457 357 449 555 382 433 445 339 352 355 510 114 205 37  109 34  0   403 89  93  127 594 267 483 162 419 271 312 425 345 500 223 319 305 455 197 304 349 178 361 405 167 307 378 445 371 443 345 448 423 215 231 443 302 510 291 110 85  427 91  401 255 394 142 451 13  383 423 285 441 344 415 71  417 121 396 76  258 74  444 338 232 393 517 384 267 244 363 334 403 537 315 188 326 321 448 54  174 427 377 514 212 155 76  393 257 432 247 267 415 380 399 243 262 266 106 58  220 483 221 282 145 521 88  33  313 152 459 555 274 362 375 149 384 321 290 35  244 184 345 133 350 81  416 80  274 438 350 303 345 196 543 218 469 466 377 351 354 82  252 334 247 406 163 319 259 154 354 81  345 480 572 202 336 234 184 248 310 220 400 371 106 392 259 68  211 398 171 230 196 319 156 342 430 284 478 392 376 258 526 127 392 407 81  438 293 431 485 119 89  385 423 84  361 428 267 406 325 250 327 244 235 425 262 323 378 313 261 287 66  245 492 311 296 118 156 360 303 456 382 167 43  431 288 377 443 168 464 379 430 384 450 476 325 135 79  164 444 147 410 18  382 369 70  421 286 351 436 166 225 242 327 364 344 148 448 360 113 449 199 414 297 542 364 40  290 534 462 186 288 359 147 365 431
62  313 365 255 212 436 86  415 104 278 217 29  269 373 184 276 170 419 356 376 313 369 403 0   419 447 313 298 227 294 363 142 445 261 249 90  153 329 447 106 173 205 112 195 391 63  473 238 414 167 62  330 235 131 84  225 448 254 152 462 162 402 295 347 137 340 254 153 9   277 207 390 271 33  119 55  104 344 405 99  414 112 342 247 386 378 129 399 410 215 404 142 405 58  217 379 220 303 277 444 204 251 454 345 158 455 220 191 332 364 421 388 39  158 297 503 26  274 400 401 147 406 449 364 227 189 226 379 254 317 394 129 373 154 275 357 360 468 255 356 208 142 422 435 228 471 304 161 335 20  370 460 47  243 263 61  419 265 391 326 203 286 487 219 479 221 97  157 117 418 111 222 252 132 419 58  300 280 230 400 193 268 196 116 419 379 491 298 501 262 342 397 321 312 420 221 282 253 156 52  188 299 165 114 340 264 428 320 375 382 140 221 117 157 289 323 372 21  481 196 66  231 179 165 217 207 197 222 216 233 81  256 360 275 146 348 281 134 211 207 299 391 329 157 248 192 364 392 242 135 398 43  443 275 98  262 22  357 272 292 275 437 242 108 308 110 401 431 176 377 61  226 407 287 316 303 415 328 351 204 318 222 291 314 327 445 167 264 249 471 397 113 202 131 315 185 179 327 153 333
460 317 169 167 278 321 458 281 444 524 348 448 403 269 327 308 498 26  137 73  107 99  89  419 0   29  106 564 328 439 95  403 186 268 386 377 490 164 236 314 436 222 310 405 99  388 323 203 228 427 469 312 408 387 448 389 127 296 427 216 500 213 135 73  413 80  360 285 410 199 424 91  338 432 301 464 341 357 161 411 34  435 84  223 35  381 379 152 320 494 312 297 163 389 301 337 516 260 256 243 293 410 119 114 408 296 490 236 106 159 319 181 442 262 215 331 393 353 163 182 299 23  134 149 453 257 251 72  490 142 122 309 81  444 525 205 296 292 188 320 292 330 121 159 191 261 115 399 151 435 50  187 459 311 259 367 111 513 139 418 440 328 265 321 144 310 366 274 395 77  353 233 171 342 8   361 435 543 193 261 230 161 236 344 136 334 286 136 307 219 136 131 342 128 146 198 270 201 390 435 337 433 371 415 194 493 37  336 342 169 479 262 422 472 136 153 319 436 143 333 456 329 382 307 228 297 233 292 393 324 343 336 245 217 284 83  200 486 281 269 122 77  301 291 419 436 99  52  395 324 305 454 79  423 415 389 398 391 437 273 184 25  181 438 220 448 72  305 420 157 424 254 276 390 122 175 159 267 301 401 110 417 310 105 396 110 462 254 515 281 51  312 518 452 137 340 411 104 347 375
487 343 178 194 307 340 487 301 474 553 377 477 431 292 357 335 527 45  162 89  134 112 93  447 29  0   135 593 347 467 121 433 199 296 414 403 519 190 251 342 465 249 338 426 120 415 339 228 246 450 496 337 437 411 477 418 137 314 456 228 529 232 160 100 442 107 388 311 438 218 453 99  365 461 329 491 370 381 162 441 54  460 108 252 61  405 404 171 341 524 333 323 181 416 330 360 545 287 273 259 322 439 108 141 437 312 519 263 135 168 338 201 471 290 242 344 422 381 182 201 325 50  126 172 482 282 280 98  519 161 127 338 107 474 554 228 320 307 212 344 321 354 118 172 219 274 144 422 166 463 77  198 487 339 287 394 126 542 159 445 469 355 277 350 130 330 392 301 425 93  379 263 198 371 28  389 462 572 222 281 259 190 265 370 152 356 298 160 319 247 150 150 368 157 162 226 297 223 413 464 359 461 401 440 218 522 50  362 365 175 504 291 452 501 162 169 342 464 129 362 483 348 411 337 258 327 263 313 422 343 370 364 268 245 313 105 228 515 311 299 149 100 326 321 448 458 124 67  423 350 326 483 87  451 440 417 426 416 465 300 205 15  208 468 234 473 78  323 443 164 453 283 296 417 151 203 176 292 325 422 140 445 337 133 422 120 486 282 545 295 64  339 547 482 166 362 433 133 377 401
356 247 161 71  181 290 351 251 338 429 255 343 317 225 228 228 394 106 102 90  25  104 127 313 106 135 0   469 254 355 72  300 195 184 297 278 385 107 231 208 335 126 203 322 103 286 306 119 209 339 365 247 316 294 342 296 163 231 324 224 395 192 62  43  309 36  273 188 304 137 327 117 255 326 197 360 234 291 178 305 101 338 52  130 77  322 286 144 281 395 272 199 156 286 207 284 416 190 199 234 195 321 181 69  306 278 391 138 44  151 283 159 335 158 142 323 288 271 153 168 203 93  186 117 358 166 155 76  396 98  143 203 75  341 430 162 243 281 109 263 195 236 161 172 87  259 9   310 124 330 60  204 355 222 175 263 133 418 130 342 342 249 270 228 209 235 268 175 291 116 256 133 76  237 107 256 352 448 86  228 123 58  130 247 147 282 286 69  305 131 114 128 272 49  154 92  193 125 301 329 254 350 270 319 143 400 115 266 287 170 383 166 317 368 53  116 266 330 210 236 353 257 283 205 126 201 127 217 299 253 239 251 199 134 177 62  118 380 185 171 33  91  237 186 328 351 77  94  304 229 264 347 138 337 317 303 292 325 349 199 117 127 83  333 176 350 115 276 334 158 317 159 243 308 45  101 160 205 244 320 26  322 234 19  322 153 372 170 418 273 100 209 416 347 65  257 325 32  245 305
343 276 592 451 287 377 214 385 195 40  215 291 170 357 241 266 130 550 440 557 484 564 594 298 564 593 469 0   512 146 474 186 481 298 181 384 147 408 449 327 145 428 320 494 487 359 416 464 422 465 331 290 156 428 214 175 520 529 163 478 139 421 490 513 182 505 209 408 303 513 142 582 236 265 357 326 272 262 625 211 542 409 518 341 543 272 425 460 351 86  352 402 458 353 263 309 78  319 539 441 273 157 648 453 173 416 85  418 458 587 363 432 262 377 355 446 299 222 454 442 412 543 650 437 111 438 314 497 73  528 600 294 488 152 38  393 325 432 478 303 273 423 624 487 418 458 462 459 554 309 528 495 319 254 307 342 502 51  461 191 128 252 473 243 676 500 388 402 208 521 399 335 450 249 568 322 155 21  393 385 365 411 347 400 486 312 463 497 461 345 554 472 258 435 481 402 302 484 453 246 475 155 203 412 391 71  552 263 301 608 426 302 191 141 478 542 317 281 678 232 351 517 187 269 343 267 351 496 170 517 346 233 365 348 318 527 364 168 284 297 476 500 300 295 147 490 472 564 171 412 352 266 544 153 396 182 296 243 136 304 501 589 441 192 556 404 583 384 475 599 239 310 381 192 442 391 469 327 315 502 455 147 270 481 213 527 462 312 54  444 569 367 99  169 427 473 477 460 231 237
220 417 194 186 304 509 310 475 320 483 358 248 428 438 315 382 390 342 349 259 236 238 267 227 328 347 254 512 0   463 327 330 447 344 404 137 374 338 474 191 370 144 202 84  358 163 535 136 447 118 235 427 404 107 305 387 417 39  349 474 385 430 198 261 331 256 394 114 219 129 390 255 395 259 163 234 246 461 233 300 342 157 245 294 293 497 104 395 491 425 482 116 406 169 326 476 436 376 81  476 307 418 302 320 345 510 427 140 296 198 498 401 266 163 342 558 216 406 402 413 105 328 289 363 419 104 296 329 454 186 242 236 329 359 481 390 442 517 145 452 311 88  268 425 189 503 248 94  185 227 282 457 236 356 340 171 388 470 381 477 394 401 516 342 318 20  130 126 305 369 115 272 181 277 323 189 466 491 222 453 211 252 234 112 401 475 528 194 546 308 200 381 436 288 408 200 364 130 91  276 38  464 329 139 368 463 355 432 476 208 188 300 321 372 203 179 462 248 321 330 212 5   347 280 260 314 230 37  382 7   165 382 415 320 222 245 313 357 305 290 223 345 421 252 419 117 331 280 403 99  474 270 388 442 150 416 220 487 445 375 144 333 177 321 124 171 275 498 107 210 277 298 466 435 288 319 412 401 437 77  276 398 395 241 467 406 155 336 458 513 284 148 422 344 301 41  97  284 302 461
353 133 498 354 180 232 232 239 203 108 108 301 38  212 149 131 179 423 308 446 374 457 483 294 439 467 355 146 463 0   345 151 337 171 61  360 189 277 303 272 127 348 261 469 354 339 272 381 278 451 347 146 60  404 226 76  380 470 145 333 190 278 389 398 156 392 82  349 294 429 87  472 101 268 300 340 220 116 526 195 413 403 407 225 423 129 398 321 206 129 206 347 317 333 152 163 148 182 469 295 169 45  536 325 135 270 119 342 335 490 218 291 270 306 224 302 282 86  314 300 358 417 541 302 79  370 202 369 87  430 495 227 360 151 112 253 180 287 391 157 167 380 516 346 324 312 350 437 458 311 409 351 331 132 181 314 365 104 324 48  97  113 327 132 564 447 359 339 176 388 364 228 355 186 445 290 10  131 292 240 275 299 252 362 347 166 317 397 316 224 454 335 113 314 341 307 169 400 428 250 432 10  136 400 254 81  422 118 156 512 434 192 179 167 376 446 171 285 565 135 359 468 118 185 239 162 257 438 81  467 307 104 222 223 242 416 240 206 177 193 369 369 156 213 46  475 343 448 60  367 206 280 409 21  385 52  281 100 22  168 413 465 348 195 476 403 470 238 457 501 236 199 235 50  321 264 328 185 170 475 337 71  132 370 68  389 459 186 121 298 453 316 169 180 303 431 456 340 161 91 
412 221 219 142 192 235 388 195 370 433 259 391 310 177 243 214 418 77  43  129 94  152 162 363 95  121 72  474 327 345 0   323 124 176 294 340 411 68  163 258 352 194 250 393 31  344 244 191 146 407 419 217 317 360 378 299 91  304 345 153 420 130 134 86  333 85  267 254 354 209 336 157 244 371 253 413 272 261 227 337 68  402 104 137 89  287 352 74  231 408 222 264 87  344 213 244 431 165 271 168 208 318 206 21  325 216 403 204 33  209 231 96  380 216 120 258 337 259 84  102 269 72  217 57  364 235 166 23  400 165 188 241 14  363 435 112 203 217 182 226 206 303 197 99  150 191 79  379 187 381 82  132 407 219 167 319 61  423 60  323 353 233 200 232 233 307 330 240 319 55  320 153 146 266 101 308 340 454 135 174 170 95  168 311 74  241 218 140 238 130 174 56  247 51  82  149 176 198 369 370 325 339 288 384 99  403 78  241 248 226 447 177 345 392 125 182 226 377 233 246 410 330 297 228 152 211 167 290 304 325 295 243 152 125 219 112 109 410 196 186 105 28  205 218 328 421 5   119 303 295 214 393 80  330 380 296 341 296 344 178 190 121 153 363 246 413 145 220 403 212 357 169 189 296 46  82  89  172 206 392 52  327 215 88  301 84  439 161 427 208 123 268 435 375 51  328 395 43  267 280
202 194 409 270 132 320 91  308 62  154 92  150 128 268 82  161 94  395 300 384 311 388 419 142 403 433 300 186 330 151 323 0   369 167 110 213 88  267 355 141 40  243 134 324 343 190 360 279 323 302 196 212 93  258 83  85  390 345 24  378 97  315 311 343 11  335 122 223 143 328 65  406 146 118 171 190 86  214 444 44  387 253 345 185 377 246 253 333 293 101 288 217 335 184 119 255 118 205 353 350 117 109 473 302 16  348 101 232 300 404 305 312 120 191 220 391 132 144 330 325 227 385 474 301 90  252 157 344 123 347 421 109 336 40  152 275 247 362 294 237 120 243 447 366 237 374 293 290 372 160 361 384 181 132 174 168 366 140 329 185 65  164 391 108 501 317 214 217 26  376 222 170 269 65  406 145 158 165 217 298 185 243 171 221 357 257 389 317 395 196 373 338 194 277 355 223 183 299 283 101 295 156 39  250 264 133 399 195 250 425 282 147 32  68  300 359 253 134 503 85  207 335 43  96  175 115 175 312 76  335 166 132 264 204 134 354 217 91  129 136 301 351 215 115 105 327 322 394 101 230 284 132 401 133 235 123 130 221 129 190 317 426 260 53  371 252 410 319 310 417 85  155 301 148 283 244 346 225 236 331 292 79  174 310 189 393 308 177 131 368 399 183 115 54  272 294 310 299 56  199
502 204 339 261 241 149 449 115 426 440 284 471 310 126 287 218 457 160 99  244 218 270 271 445 186 199 195 481 447 337 124 369 0   202 302 441 456 118 53  346 387 307 337 508 97  440 141 311 62  517 506 191 330 468 439 316 63  426 387 30  463 59  258 208 380 208 274 362 438 333 359 270 246 445 350 499 344 227 341 395 152 504 226 198 199 237 459 52  158 433 152 371 42  439 250 190 456 167 395 62  254 325 305 127 366 115 426 316 152 329 152 58  453 318 151 145 420 258 46  44  378 165 320 86  381 350 221 131 411 288 302 316 127 404 443 94  159 108 304 184 251 413 305 27  262 75  201 490 310 465 198 15  492 240 195 412 75  433 66  300 378 229 79  262 328 427 432 348 373 109 425 223 265 326 194 397 329 463 236 103 265 199 253 417 51  186 100 264 121 183 296 67  224 159 42  255 187 320 480 440 441 328 330 487 106 410 150 218 197 344 548 228 397 433 248 305 175 455 327 284 501 450 332 287 229 254 254 410 324 446 389 253 115 171 300 233 164 460 244 242 229 117 181 289 336 533 119 229 314 403 147 467 112 327 481 299 423 257 344 182 313 207 270 418 370 513 253 133 515 331 424 222 113 288 158 144 35  154 168 507 171 345 211 212 276 80  546 192 443 96  231 367 467 423 147 443 507 164 318 252
