50
0    8    16   27   58   200  181  190  165  156  495  522  522  503  511  376  415  353  367  349  648  674  690  658  650  417  415  403  391  414  446  426  449  432  442  323  322  329  348  310  527  527  494  528  507  504  484  467  516  467 
8    0    19   34   54   193  173  182  157  148  497  523  524  505  513  380  418  356  371  353  645  671  687  655  646  413  410  398  386  410  440  421  444  427  436  316  314  322  341  303  530  531  498  531  511  510  489  472  522  472 
16   19   0    38   45   207  185  193  168  160  479  505  506  487  495  391  429  367  382  362  634  660  676  643  636  432  429  417  404  429  435  415  438  420  431  316  316  322  343  303  511  512  479  512  492  492  471  454  504  453 
27   34   38   0    83   219  204  211  187  177  505  533  531  513  520  353  391  330  345  325  672  697  713  681  674  418  418  405  394  416  472  453  475  458  468  350  348  356  375  337  531  530  498  532  510  499  480  465  512  464 
58   54   45   83   0    194  163  172  146  142  457  480  484  464  473  434  473  410  425  407  590  617  633  600  592  445  440  429  414  441  390  369  392  375  385  272  275  278  301  260  498  500  466  499  480  494  472  453  506  453 
200  193  207  219  194  0    46   39   56   52   623  638  650  628  641  458  491  424  444  439  649  678  700  665  647  295  279  272  252  285  391  389  413  402  393  238  216  242  242  227  678  684  649  680  663  688  665  645  699  645 
181  173  185  204  163  46   0    9    17   27   578  593  605  583  596  479  513  447  465  458  606  634  656  621  604  341  326  319  299  332  352  347  372  360  353  201  183  205  210  189  636  643  608  638  622  653  629  608  664  609 
190  182  193  211  172  39   9    0    26   34   587  602  614  592  605  481  515  448  467  460  610  639  660  626  608  335  319  312  292  325  355  351  375  364  356  202  183  207  210  191  645  653  617  647  631  663  638  618  674  618 
165  157  168  187  146  56   17   26   0    14   567  582  594  572  585  469  504  437  456  447  606  634  655  620  604  347  333  325  306  338  356  350  374  362  357  207  191  211  219  195  623  629  594  625  608  637  613  593  648  593 
156  148  160  177  142  52   27   34   14   0    572  588  599  577  590  454  489  422  441  432  618  647  667  633  617  338  325  317  298  330  371  364  388  375  371  221  206  226  234  209  626  632  596  627  610  636  612  592  647  593 
495  497  479  505  457  623  578  587  567  572  0    43   27   13   18   817  853  805  814  786  412  420  416  402  423  901  893  883  866  895  470  433  434  417  457  509  540  512  545  505  104  133  110  109  118  270  243  220  266  223 
522  523  505  533  480  638  593  602  582  588  43   0    39   30   47   852  889  839  849  821  377  383  377  365  389  921  912  902  885  915  457  421  419  404  445  509  541  512  545  507  138  168  150  143  156  311  284  263  307  266 
522  524  506  531  484  650  605  614  594  599  27   39   0    23   12   841  878  830  838  810  417  423  417  405  428  928  920  910  893  922  489  452  452  436  477  533  564  536  569  530  98   128  112  103  118  273  248  227  269  230 
503  505  487  513  464  628  583  592  572  577  13   30   23   0    22   828  864  816  825  796  402  409  405  391  413  907  899  889  872  901  466  429  429  414  454  509  541  512  545  506  113  142  121  118  129  282  255  233  278  236 
511  513  495  520  473  641  596  605  585  590  18   47   12   22   0    829  865  818  826  797  422  430  424  412  434  918  910  900  884  912  487  450  451  435  475  528  559  531  564  524  92   122  103  97   109  264  238  217  260  220 
376  380  391  353  434  458  479  481  469  454  817  852  841  828  829  0    38   35   16   31   1025 1051 1067 1034 1027 398  422  409  418  410  812  797  821  805  810  672  660  677  688  659  813  801  777  812  786  714  707  703  728  701 
415  418  429  391  473  491  513  515  504  489  853  889  878  864  865  38   0    66   48   68   1063 1089 1105 1072 1065 413  439  426  436  425  850  835  859  843  847  708  696  714  723  696  848  835  812  847  821  745  739  735  759  733 
353  356  367  330  410  424  447  448  437  422  805  839  830  816  818  35   66   0    20   39   1001 1027 1043 1011 1002 364  388  375  383  376  784  770  794  778  782  642  629  647  656  629  806  795  770  805  780  714  706  700  728  698 
367  371  382  345  425  444  465  467  456  441  814  849  838  825  826  16   48   20   0    33   1016 1042 1058 1026 1018 382  406  393  402  394  801  787  810  794  799  660  647  665  675  647  812  801  776  811  786  716  709  704  730  702 
349  353  362  325  407  439  458  460  447  432  786  821  810  796  797  31   68   39   33   0    997  1022 1038 1005 999  400  423  409  416  411  787  771  795  779  785  649  638  654  665  636  782  770  746  781  755  683  677  672  698  670 
648  645  634  672  590  649  606  610  606  618  412  377  417  402  422  1025 1063 1001 1016 997  0    28   53   23   13   938  918  913  892  927  276  265  243  249  269  422  453  420  436  429  514  544  521  520  530  678  649  624  676  627 
674  671  660  697  617  678  634  639  634  647  420  383  423  409  430  1051 1089 1027 1042 1022 28   0    27   19   35   967  947  942  920  955  304  294  271  278  298  450  481  448  465  458  521  552  530  526  538  688  659  635  686  638 
690  687  676  713  633  700  656  660  655  667  416  377  417  405  424  1067 1105 1043 1058 1038 53   27   0    34   62   990  970  965  943  978  329  317  296  301  323  474  505  472  489  481  515  546  526  520  534  685  657  633  682  636 
658  655  643  681  600  665  621  626  620  633  402  365  405  391  412  1034 1072 1011 1026 1005 23   19   34   0    35   955  935  930  909  944  296  283  262  267  289  440  471  438  455  447  503  534  512  508  520  669  641  617  667  620 
650  646  636  674  592  647  604  608  604  617  423  389  428  413  434  1027 1065 1002 1018 999  13   35   62   35   0    935  914  910  888  923  270  261  238  245  264  418  448  415  431  425  526  556  533  531  542  688  659  635  687  637 
417  413  432  418  445  295  341  335  347  338  901  921  928  907  918  398  413  364  382  400  938  967  990  955  935  0    31   27   49   16   670  674  697  689  674  518  489  520  510  509  943  944  911  944  924  916  898  883  929  882 
415  410  429  418  440  279  326  319  333  325  893  912  920  899  910  422  439  388  406  423  918  947  970  935  914  31   0    14   27   15   648  653  676  669  652  496  467  498  487  488  938  940  906  939  919  917  898  882  930  882 
403  398  417  405  429  272  319  312  325  317  883  902  910  889  900  409  426  375  393  409  913  942  965  930  910  27   14   0    22   13   644  649  672  664  648  492  463  494  483  484  927  928  895  928  908  905  886  870  918  870 
391  386  404  394  414  252  299  292  306  298  866  885  893  872  884  418  436  383  402  416  892  920  943  909  888  49   27   22   0    35   622  627  650  642  626  470  441  472  461  462  912  914  880  913  894  894  874  858  906  858 
414  410  429  416  441  285  332  325  338  330  895  915  922  901  912  410  425  376  394  411  927  955  978  944  923  16   15   13   35   0    657  662  685  677  661  505  476  508  496  497  939  940  907  940  920  915  896  881  928  880 
446  440  435  472  390  391  352  355  356  371  470  457  489  466  487  812  850  784  801  787  276  304  329  296  270  670  648  644  622  657  0    37   41   52   12   154  181  150  161  164  567  590  556  572  570  679  648  622  683  624 
426  421  415  453  369  389  347  351  350  364  433  421  452  429  450  797  835  770  787  771  265  294  317  283  261  674  653  649  627  662  37   0    24   19   25   156  187  154  172  164  530  553  519  534  532  641  611  585  646  587 
449  444  438  475  392  413  372  375  374  388  434  419  452  429  451  821  859  794  810  795  243  271  296  262  238  697  676  672  650  685  41   24   0    20   30   179  209  177  193  188  533  556  523  537  536  650  619  594  654  596 
432  427  420  458  375  402  360  364  362  375  417  404  436  414  435  805  843  778  794  779  249  278  301  267  245  689  669  664  642  677  52   19   20   0    40   173  204  171  190  180  516  539  505  520  519  631  600  574  635  576 
442  436  431  468  385  393  353  356  357  371  457  445  477  454  475  810  847  782  799  785  269  298  323  289  264  674  652  648  626  661  12   25   30   40   0    156  185  153  167  166  555  578  545  560  558  667  637  611  672  613 
323  316  316  350  272  238  201  202  207  221  509  509  533  509  528  672  708  642  660  649  422  450  474  440  418  518  496  492  470  505  154  156  179  173  156  0    34   6    38   13   592  609  573  596  587  665  636  612  672  613 
322  314  316  348  275  216  183  183  191  206  540  541  564  541  559  660  696  629  647  638  453  481  505  471  448  489  467  463  441  476  181  187  209  204  185  34   0    33   27   34   622  637  601  625  615  689  660  636  696  637 
329  322  322  356  278  242  205  207  211  226  512  512  536  512  531  677  714  647  665  654  420  448  472  438  415  520  498  494  472  508  150  154  177  171  153  6    33   0    33   19   596  613  577  600  591  670  641  617  677  618 
348  341  343  375  301  242  210  210  219  234  545  545  569  545  564  688  723  656  675  665  436  465  489  455  431  510  487  483  461  496  161  172  193  190  167  38   27   33   0    47   630  647  611  633  625  703  675  650  711  651 
310  303  303  337  260  227  189  191  195  209  505  507  530  506  524  659  696  629  647  636  429  458  481  447  425  509  488  484  462  497  164  164  188  180  166  13   34   19   47   0    587  603  567  590  581  657  628  604  664  605 
527  530  511  531  498  678  636  645  623  626  104  138  98   113  92   813  848  806  812  782  514  521  515  503  526  943  938  927  912  939  567  530  533  516  555  592  622  596  630  587  0    31   35   5    29   181  159  143  175  146 
527  531  512  530  500  684  643  653  629  632  133  168  128  142  122  801  835  795  801  770  544  552  546  534  556  944  940  928  914  940  590  553  556  539  578  609  637  613  647  603  31   0    36   26   21   151  131  117  144  120 
494  498  479  498  466  649  608  617  594  596  110  150  112  121  103  777  812  770  776  746  521  530  526  512  533  911  906  895  880  907  556  519  523  505  545  573  601  577  611  567  35   36   0    34   14   161  135  116  157  119 
528  531  512  532  499  680  638  647  625  627  109  143  103  118  97   812  847  805  811  781  520  526  520  508  531  944  939  928  913  940  572  534  537  520  560  596  625  600  633  590  5    26   34   0    26   177  155  139  170  142 
507  511  492  510  480  663  622  631  608  610  118  156  118  129  109  786  821  780  786  755  530  538  534  520  542  924  919  908  894  920  570  532  536  519  558  587  615  591  625  581  29   21   14   26   0    156  132  115  151  118 
504  510  492  499  494  688  653  663  637  636  270  311  273  282  264  714  745  714  716  683  678  688  685  669  688  916  917  905  894  915  679  641  650  631  667  665  689  670  703  657  181  151  161  177  156  0    30   56   14   54  
484  489  471  480  472  665  629  638  613  612  243  284  248  255  238  707  739  706  709  677  649  659  657  641  659  898  898  886  874  896  648  611  619  600  637  636  660  641  675  628  159  131  135  155  132  30   0    25   36   23  
467  472  454  465  453  645  608  618  593  592  220  263  227  233  217  703  735  700  704  672  624  635  633  617  635  883  882  870  858  881  622  585  594  574  611  612  636  617  650  604  143  117  116  139  115  56   25   0    60   3   
516  522  504  512  506  699  664  674  648  647  266  307  269  278  260  728  759  728  730  698  676  686  682  667  687  929  930  918  906  928  683  646  654  635  672  672  696  677  711  664  175  144  157  170  151  14   36   60   0    59  
467  472  453  464  453  645  609  618  593  593  223  266  230  236  220  701  733  698  702  670  627  638  636  620  637  882  882  870  858  880  624  587  596  576  613  613  637  618  651  605  146  120  119  142  118  54   23   3    59   0   
0          7606
477        632
11         78
0          181
118        137
240        454
248        327
5923       6033
322        400
272        375
2602       2802
2281       2364
2343       2462
2299       2448
2380       2538
6419       6615
5090       5358
5065       5195
5056       5200
5099       5173
1701       1939
3658       3729
1882       1962
1798       2016
1840       2048
5526       5762
5596       5717
5611       5727
5675       5745
6797       6963
974        1144
1087       1236
1164       1229
1563       1684
1108       1218
894        1056
1265       1480
822        961
788        933
802        988
2484       2583
2525       2690
2516       2704
3188       3257
2454       2700
2990       3129
2888       3090
2834       2996
4386       4529
2926       3104
