200
0    730  469  513  195  687  647  765  310  547  579  592  309  174  701  553  209  1004 195  120  945  214  699  698  291  701  274  61   460  980  550  605  687  435  761  788  881  379  736  79   179  111  396  693  605  92   614  853  636  644  148  318  255  683  561  213  763  624  232  581  686  471  132  245  624  412  534  748  678  795  712  1024 644  406  487  600  132  836  734  473  292  250  649  199  616  184  336  723  416  229  940  730  690  609  473  240  684  1026 628  603  631  325  556  237  275  366  810  728  107  497  689  365  468  748  730  805  756  560  552  490  321  484  555  374  202  714  713  342  587  310  526  338  581  699  582  549  786  73   330  316  270  233  511  1011 210  520  808  301  650  764  422  701  495  492  512  245  250  715  665  914  777  35   198  643  551  622  482  807  98   249  641  489  567  811  488  1005 599  913  631  221  173  145  259  307  712  692  662  214  301  593  968  623  624  526  673  811  689  444  826  784 
730  0    301  284  819  1068 389  160  552  203  282  196  621  897  403  436  896  515  593  764  504  520  977  513  632  410  962  679  271  501  182  683  327  329  831  267  588  901  794  808  880  796  447  703  344  793  163  507  365  374  866  473  751  397  821  802  362  438  859  181  656  843  764  857  562  356  678  1085 253  325  68   555  520  426  255  138  672  220  898  695  546  927  131  891  114  828  460  688  413  542  551  642  809  128  933  564  114  583  178  359  957  458  205  643  1002 860  419  1016 782  859  742  497  477  103  457  682  423  228  183  970  599  421  613  375  738  553  508  444  727  439  217  400  332  944  319  450  161  660  401  481  982  499  781  550  854  216  542  595  460  407  884  165  355  401  763  749  672  166  273  417  480  719  597  151  846  200  353  658  788  493  862  383  473  180  521  542  186  613  574  524  573  831  623  487  721  332  611  538  899  1001 531  678  334  785  859  598  125  362  401  483 
469  301  0    49   525  968  244  406  250  214  124  274  475  621  292  211  661  744  389  533  710  256  913  590  331  521  729  410  140  724  134  666  455  233  839  482  733  731  803  539  596  514  149  721  410  515  271  667  448  460  589  319  569  276  746  505  525  494  645  243  684  725  537  649  586  244  629  1004 216  521  261  778  566  128  63   164  385  482  873  614  390  698  189  654  202  605  317  724  326  343  737  696  793  174  791  379  223  797  161  190  871  160  98   464  726  697  588  951  543  747  746  383  203  363  569  759  561  266  127  823  297  388  589  222  440  627  595  299  690  253  89   210  383  890  372  457  419  396  155  327  736  240  696  769  561  99   667  293  526  555  736  360  94   140  683  564  371  246  402  641  610  467  395  179  760  153  81   743  545  279  810  356  487  446  480  761  133  764  599  248  297  546  322  188  742  462  641  323  700  886  738  670  417  705  820  706  325  66   586  616 
513  284  49   0    559  1016 201  404  275  234  75   290  524  662  247  184  708  751  438  581  722  302  958  620  354  544  776  454  175  733  140  707  475  272  879  489  755  780  842  582  634  553  165  759  437  555  281  686  474  486  629  366  618  231  792  537  541  525  693  257  721  773  585  697  622  286  672  1051 168  532  235  787  599  144  89   153  424  479  916  659  438  745  161  701  197  653  364  760  368  392  753  729  835  164  840  428  193  808  125  147  918  196  81   513  766  746  605  997  590  795  786  429  197  357  593  791  582  288  130  872  318  427  630  267  472  657  623  345  732  302  95   258  411  935  399  492  416  440  204  375  782  287  742  779  595  112  691  317  556  575  785  365  75   124  729  613  399  206  420  649  632  512  444  146  807  112  69   774  592  328  854  393  522  442  521  771  102  786  635  292  341  584  350  222  780  482  677  373  749  934  750  710  441  751  864  733  327  81   600  638 
195  819  525  559  0    865  637  885  292  663  608  716  502  160  686  533  336  1160 378  305  1107 316  888  876  227  867  382  193  566  1137 638  799  840  571  956  927  1057 552  931  163  106  90   404  886  762  112  732  1022 796  806  135  482  447  670  756  34   918  795  393  698  876  661  318  411  810  552  729  929  706  942  786  1185 825  422  563  681  152  960  929  668  473  374  715  325  708  349  500  915  577  398  1108 919  886  691  650  420  749  1190 683  604  819  364  622  431  240  547  971  916  281  686  883  542  443  858  900  993  920  688  636  662  269  652  746  509  90   896  890  500  782  453  602  467  736  891  734  722  904  216  428  483  347  338  706  1172 36   602  984  258  823  926  603  825  515  494  707  437  173  764  810  1065 947  230  382  703  744  671  507  994  266  395  836  650  744  931  671  1165 658  1090 818  301  257  76   215  337  906  846  851  375  462  772  1131 817  779  721  868  993  805  479  983  954 
687  1068 968  1016 865  0    1209 989  950  876  1091 871  493  740  1260 1144 543  983  606  566  913  777  139  646  961  741  527  728  860  963  954  417  800  766  381  931  757  312  396  701  791  775  989  456  742  752  904  798  738  735  747  649  441  1242 249  890  831  667  472  889  499  243  554  454  551  744  396  73   1171 891  1094 976  603  987  940  1001 811  1020 275  372  578  515  1069 553  981  515  652  497  668  639  864  550  337  1003 214  599  1096 951  1078 1155 114  906  1005 521  755  320  829  122  585  220  410  592  1080 1014 722  583  774  840  963  205  981  646  469  751  889  622  663  671  361  715  964  757  745  181  757  627  1009 717  822  640  585  778  286  961  864  947  719  959  662  794  264  934  1044 1068 304  450  931  1154 830  950  744  656  599  1076 221  1086 1028 610  599  702  236  684  611  1022 547  959  1049 773  543  807  787  792  926  906  453  799  526  667  407  93   918  433  759  283  263  670  957  988  861  748 
647  389  244  201  637  1209 0    542  350  421  135  470  715  769  53   104  854  900  615  736  881  458  1157 812  410  729  921  586  375  884  319  908  654  473  1080 641  935  958  1043 704  730  658  251  959  627  666  453  861  662  674  736  561  796  35   990  608  713  719  854  436  920  965  742  860  821  487  873  1247 140  693  322  938  796  241  289  305  533  609  1117 858  630  894  265  845  351  810  561  959  569  574  920  926  1036 312  1025 612  274  964  220  54   1113 327  250  696  868  926  776  1195 740  988  986  627  194  487  779  985  761  476  307  1055 368  627  831  466  547  851  814  542  933  494  283  452  603  1135 590  691  547  578  387  570  916  448  939  932  672  302  875  379  749  751  969  521  165  155  927  790  464  234  597  799  815  656  622  243  1004 198  181  967  738  510  1054 593  721  569  722  924  228  964  834  436  478  682  423  340  980  661  876  550  915  1124 909  911  629  949  1065 921  478  222  766  820 
765  160  406  404  885  989  542  0    646  222  423  173  590  939  561  576  903  357  599  774  343  571  885  384  726  276  965  722  320  342  271  583  198  331  712  107  433  866  676  845  931  847  555  586  246  840  153  351  253  258  910  467  731  553  739  874  211  327  852  187  537  782  771  847  452  356  593  996  411  167  227  396  404  534  346  252  734  76   790  624  530  929  277  900  207  829  450  564  383  551  391  513  701  242  881  561  271  424  323  506  875  543  323  629  1040 824  263  923  796  794  629  466  602  57   318  544  277  206  278  919  697  360  520  390  812  423  375  438  633  455  316  427  247  848  237  362  22   700  458  473  994  549  707  391  919  307  393  690  341  259  838  65   480  529  687  731  758  326  158  258  333  747  601  298  769  346  474  517  805  516  769  329  378  46   447  383  322  457  463  584  629  884  710  572  602  201  495  555  881  932  371  573  230  707  759  453  82   472  243  335 
310  552  250  275  292  950  350  646  0    433  317  492  479  419  401  249  519  963  348  415  921  181  930  745  80   702  584  250  335  942  379  747  653  383  922  709  911  663  889  357  381  308  113  822  588  317  499  857  627  638  386  369  510  384  771  267  730  651  534  467  796  712  424  545  709  375  690  1001 414  739  509  994  705  132  301  414  185  723  927  651  408  560  435  509  449  487  380  838  436  328  937  824  862  424  746  368  468  1007 399  314  873  105  347  432  518  640  789  965  412  738  834  447  160  609  745  895  750  473  374  770  53   515  677  332  202  774  754  370  752  308  337  292  560  919  553  592  662  249  218  375  573  189  717  984  328  342  840  43   683  750  690  593  224  202  711  502  124  476  609  862  790  326  355  422  773  384  217  887  406  279  846  496  620  688  576  976  377  944  720  148  163  332  77   78   843  660  760  297  601  859  948  759  601  730  868  865  564  193  794  797 
547  203  214  234  663  876  421  222  433  0    285  60   417  719  457  418  700  533  394  567  497  349  795  392  510  311  764  501  99   513  101  514  241  126  677  276  521  698  639  626  709  625  353  551  206  619  69   452  242  253  690  271  548  444  633  652  310  299  658  35   508  645  566  655  409  153  496  898  326  309  218  566  378  334  151  132  511  297  729  503  343  728  199  695  105  629  257  545  211  344  522  509  643  131  732  362  223  583  222  371  767  328  170  440  822  657  373  834  588  662  584  295  418  201  360  565  348  55   113  769  486  234  439  177  590  430  393  241  551  242  140  208  182  765  170  283  241  480  235  278  787  327  590  557  696  122  457  475  329  341  682  163  305  353  573  546  539  284  188  431  398  532  397  212  656  238  294  546  595  301  682  196  311  268  337  549  200  552  422  361  406  662  492  356  571  248  463  343  696  805  524  513  209  595  684  501  143  279  372  404 
579  282  124  75   608  1091 135  423  317  285  0    335  599  721  176  154  778  778  513  652  755  372  1032 676  393  594  846  518  243  761  183  776  520  342  947  517  802  856  909  645  690  611  204  824  492  615  320  729  527  538  688  442  694  161  866  584  582  583  766  302  785  848  657  770  686  357  744  1126 100  565  222  816  660  186  156  175  481  494  987  733  514  815  151  770  222  725  439  824  440  468  791  790  905  184  915  503  173  839  104  87   992  256  115  588  825  821  645  1071 660  870  853  503  202  370  644  849  627  340  172  948  353  494  699  341  519  715  679  420  804  377  147  334  467  1008 454  556  431  506  279  450  849  358  816  809  644  166  741  356  613  619  861  394  93   128  803  688  442  162  464  676  680  581  519  131  881  82   101  831  661  403  927  458  586  455  591  801  101  831  699  358  406  640  395  278  845  527  741  447  822  1010 783  779  494  825  936  786  352  135  637  686 
592  196  274  290  716  871  470  173  492  60   335  0    433  765  503  474  733  473  428  603  436  400  782  348  569  259  796  549  157  453  152  492  185  158  648  216  466  713  610  671  758  675  414  520  164  667  33   396  195  206  737  298  570  491  624  706  252  260  686  33   475  648  600  682  378  184  482  889  364  248  229  506  342  395  210  169  564  245  708  498  365  760  229  730  129  661  282  511  223  379  463  470  620  164  740  392  246  523  261  422  760  387  220  464  867  672  315  822  624  663  556  308  478  164  309  522  292  35   163  777  545  224  420  217  646  388  348  268  534  282  195  254  145  750  131  258  194  527  290  304  823  378  584  496  749  178  405  535  287  285  693  109  363  411  567  569  597  310  130  371  345  574  430  246  650  279  352  501  633  343  668  187  283  219  325  488  243  496  391  415  459  712  550  415  540  192  430  382  719  805  464  489  162  588  666  452  101  339  312  350 
309  621  475  524  502  493  715  590  479  417  599  433  0    459  766  652  343  744  136  238  679  298  453  408  511  438  394  314  378  720  477  297  450  294  460  575  589  280  431  372  482  420  500  384  369  401  465  574  388  393  443  159  143  749  291  514  516  351  274  440  376  249  229  265  322  268  227  534  683  562  632  758  350  497  452  528  388  645  450  174  85   358  594  344  518  265  166  413  210  152  662  423  392  532  320  111  625  752  596  661  402  419  520  72   537  239  550  489  268  272  382  125  592  596  454  497  490  398  485  355  520  237  246  265  484  417  424  185  285  222  480  265  354  439  360  276  612  294  328  150  436  294  238  744  520  464  519  498  371  504  267  526  550  575  231  145  495  677  450  667  498  275  129  598  296  601  534  501  283  211  367  262  286  633  196  738  566  619  328  331  325  454  476  424  403  453  355  182  292  410  698  314  389  250  390  512  533  494  573  505 
174  897  621  662  160  740  769  939  419  719  721  765  459  0    821  668  197  1175 364  224  1116 376  783  861  369  871  230  218  629  1152 716  744  860  610  885  963  1044 430  864  95   57   111  524  834  778  106  787  1020 808  816  33   491  363  804  668  194  936  792  272  754  833  561  235  291  781  586  671  809  821  969  874  1195 806  539  648  764  240  1010 842  604  458  230  808  187  783  237  509  868  588  401  1108 881  812  773  530  408  843  1195 783  731  710  466  714  387  104  435  981  806  194  585  823  533  578  920  897  955  926  734  716  535  409  654  704  548  235  874  877  516  717  484  687  511  755  791  755  716  959  239  495  489  189  398  623  1182 141  683  972  394  816  935  490  875  632  619  629  354  316  868  839  1087 944  198  365  799  650  774  621  960  178  423  747  661  732  985  649  1175 754  1075 787  375  325  91   348  443  851  865  814  388  333  650  1138 764  797  638  782  970  862  587  998  951 
701  403  292  247  686  1260 53   561  401  457  176  503  766  821  0    153  908  918  668  790  903  511  1206 849  459  762  975  639  419  903  355  953  685  518  1123 663  965  1011 1086 757  781  710  304  1001 663  718  483  889  697  709  788  611  849  17   1039 657  741  757  908  470  961  1016 796  914  862  533  919  1297 150  716  335  957  835  295  333  335  585  624  1163 906  681  947  286  899  380  863  610  1000 616  627  944  965  1081 341  1077 665  290  985  245  104  1163 380  287  748  919  979  802  1244 793  1039 1030 676  243  504  812  1022 791  512  343  1108 417  671  876  514  596  888  850  592  980  544  323  502  640  1183 627  733  564  632  439  620  970  501  989  952  721  342  907  429  786  781  1022 545  218  208  976  843  513  240  627  819  846  709  675  266  1053 224  234  1003 791  562  1102 635  762  584  767  944  259  993  875  490  531  733  473  394  1022 691  917  603  968  1176 931  955  664  998  1112 955  501  274  791  851 
553  436  211  184  533  1144 104  576  249  418  154  474  652  668  153  0    762  929  542  648  903  376  1102 801  306  728  828  492  351  912  322  871  659  442  1046 667  939  880  1010 606  628  557  161  929  620  566  463  870  657  669  635  506  720  137  936  504  725  705  768  441  894  901  656  775  797  450  828  1187 214  713  374  966  777  158  269  325  434  648  1073 806  569  802  305  753  372  722  509  934  531  505  936  906  996  335  953  545  325  989  258  89   1054 243  257  625  766  851  788  1140 650  925  953  578  90   525  777  970  766  472  312  981  264  598  795  422  443  838  805  492  890  437  279  400  593  1083 582  667  585  487  326  514  820  370  884  959  568  296  875  275  737  759  897  544  116  78   873  713  360  302  604  827  816  565  549  285  947  236  130  954  647  442  1004 566  697  609  686  951  254  970  809  351  388  580  320  251  951  666  851  478  831  1057 931  877  625  895  1019 915  503  163  782  822 
209  896  661  708  336  543  854  903  519  700  778  733  343  197  908  762  0    1087 305  132  1023 405  592  748  495  781  67   270  626  1064 724  594  787  576  717  906  927  236  700  179  249  252  603  683  704  232  761  917  727  733  207  436  211  890  491  366  857  695  85   730  691  377  133  104  656  550  521  613  876  899  888  1101 690  612  669  776  338  967  662  451  377  41   831  10   783  77   452  721  524  355  1004 744  643  783  335  342  866  1095 816  808  518  528  741  283  225  245  893  613  117  400  665  450  677  897  797  814  834  699  728  338  528  573  568  523  384  753  766  465  558  458  707  496  686  604  690  619  925  275  512  430  92   421  452  1087 328  698  859  508  714  847  298  838  698  699  461  205  449  903  779  1009 841  198  303  828  468  812  684  824  116  403  567  591  629  949  539  1081 786  956  660  420  376  260  465  513  698  791  680  358  137  454  1042 616  724  467  605  846  835  645  915  848 
1004 515  744  751  1160 983  900  357  963  533  778  473  744  1175 918  929  1087 0    812  973  70   848  852  356  1039 307  1138 976  629  23   612  577  320  592  621  262  232  973  595  1081 1182 1103 887  527  399  1091 473  186  367  359  1152 685  883  911  755  1156 241  392  1017 502  485  843  966  1005 458  609  627  964  768  224  583  41   412  867  681  604  1010 296  724  688  720  1101 634  1087 557  1009 667  486  588  775  124  433  648  595  951  767  628  78   680  863  872  858  672  806  1268 932  195  884  1001 844  572  644  946  413  292  409  253  490  621  988  1017 521  555  653  1100 368  337  663  636  707  658  696  424  809  426  467  354  952  752  687  1180 827  747  43   1189 645  264  1005 375  241  924  386  827  876  727  887  1061 681  355  102  254  977  811  656  792  703  818  380  1014 765  747  514  458  335  550  37   677  227  461  869  906  1141 1016 885  531  313  464  792  1022 957  67   558  381  740  720  314  426  810  177  248 
195  593  389  438  378  606  615  599  348  394  513  428  136  364  668  542  305  812  0    174  752  171  581  502  375  507  369  186  326  788  427  428  498  271  595  608  685  343  566  270  375  303  384  512  416  287  455  657  444  452  342  132  181  650  424  386  573  428  266  425  499  365  172  266  432  244  362  654  605  609  590  831  449  384  382  479  253  664  586  311  96   334  539  301  482  234  150  538  227  51   745  540  528  485  411  44   573  831  531  564  524  300  454  84   456  310  617  616  198  390  514  170  474  591  534  615  562  394  432  440  386  290  370  218  351  519  517  161  420  155  416  197  393  571  395  353  620  163  233  128  394  172  370  818  400  404  612  364  454  571  355  533  450  467  365  175  359  617  482  725  581  166  7    538  425  531  434  616  208  110  501  299  371  644  294  811  500  717  439  202  190  339  340  300  532  503  472  65   313  517  774  444  435  383  526  616  529  393  635  588 
120  764  533  581  305  566  736  774  415  567  652  603  238  224  790  648  132  973  174  0    911  280  583  645  407  666  199  169  493  950  592  520  666  445  664  780  827  258  642  148  256  214  487  609  583  192  630  809  609  615  214  307  144  772  453  327  738  583  119  599  609  356  13   129  561  419  447  628  749  778  756  990  588  494  538  644  250  839  627  380  254  165  699  127  651  73   324  644  398  224  897  658  591  651  352  214  734  986  686  688  514  409  610  169  299  246  778  611  30   381  599  329  567  766  688  731  720  568  596  369  434  453  481  390  322  655  662  335  494  325  575  364  563  586  566  507  795  166  381  302  220  294  405  976  312  566  756  412  605  732  302  708  576  581  409  134  369  773  654  891  733  92   173  697  440  683  562  738  46   271  533  467  520  819  433  970  655  858  566  299  260  240  373  397  627  670  591  225  186  473  931  540  603  421  567  751  704  522  798  740 
945  504  710  722  1107 913  881  343  921  497  755  436  679  1116 903  903  1023 70   752  911  0    797  783  286  994  244  1072 920  588  50   582  507  269  544  553  240  167  904  527  1022 1124 1047 850  457  344  1034 441  116  310  301  1094 628  817  895  685  1104 191  328  951  467  415  773  903  939  389  558  557  895  753  190  571  79   342  831  647  579  958  293  656  619  659  1036 617  1023 532  945  610  417  531  717  65   363  579  571  881  707  613  86   661  841  802  816  645  743  1207 863  136  815  939  774  503  583  914  401  225  343  190  449  592  918  975  461  485  603  1050 298  268  607  565  654  627  646  371  740  374  404  344  896  706  629  1115 776  677  65   1135 613  194  962  308  181  855  361  797  846  657  821  1014 670  311  92   185  918  751  638  722  683  787  313  952  711  677  457  393  329  484  59   654  168  391  820  855  1084 971  842  462  262  394  735  955  887  28   488  327  670  651  245  403  775  126  179 
214  520  256  302  316  777  458  571  181  349  372  400  298  376  511  376  405  848  171  280  797  0    751  589  224  563  473  158  254  825  339  569  528  256  743  610  764  504  710  288  361  277  215  646  454  273  418  720  490  500  346  197  344  493  590  309  607  500  397  384  624  536  286  403  541  238  510  825  470  628  499  874  544  218  273  388  164  645  746  469  227  443  435  398  406  354  210  665  278  147  804  655  681  396  579  187  470  882  415  409  695  133  342  255  481  475  662  786  288  561  656  272  304  548  600  729  615  372  340  606  225  357  501  194  252  615  600  204  571  146  312  152  426  738  422  433  591  141  118  201  479  22   536  862  348  307  691  204  530  618  523  510  296  304  529  337  225  502  495  751  648  210  178  429  593  409  281  723  289  102  665  347  459  617  404  855  385  797  551  32   58   313  191  129  667  535  589  115  457  687  822  581  470  549  687  709  492  241  672  655 
699  977  913  958  888  139  1157 885  930  795  1032 782  453  783  1206 1102 592  852  581  583  783  751  0    525  953  625  590  730  793  833  881  302  690  695  243  818  623  357  260  729  828  798  953  326  641  776  815  669  631  627  784  596  443  1189 166  910  714  558  511  804  372  228  570  492  436  676  299  113  1104 775  1010 842  487  949  877  924  812  909  136  299  533  571  992  600  900  547  596  366  595  605  731  420  204  925  261  565  1018 816  1007 1103 74   872  937  498  814  348  706  39   607  202  280  529  1046 915  602  447  653  754  891  273  967  561  365  691  899  497  541  614  251  665  897  705  647  43   660  528  904  716  776  588  650  748  218  828  893  879  590  945  549  674  293  834  995  1024 229  453  929  1078 726  824  619  665  574  1002 157  1017 979  475  623  664  116  599  508  915  458  827  979  638  427  783  771  821  918  877  321  689  404  636  456  166  786  314  655  208  132  538  861  941  738  622 
698  513  590  620  876  646  812  384  745  392  676  348  408  861  849  801  748  356  502  645  286  589  525  0    807  108  793  684  450  333  493  230  188  369  329  300  182  618  294  770  877  806  703  206  185  790  373  172  152  142  842  397  538  836  406  880  190  96   673  380  157  488  636  660  102  371  272  639  713  251  565  361  58   688  532  517  736  392  415  332  406  758  577  750  477  671  380  180  311  477  257  129  327  513  596  458  590  349  609  763  532  646  562  476  944  577  183  561  674  490  251  334  784  427  76   173  128  337  505  633  797  231  199  412  833  40   18   385  288  443  530  452  209  484  222  155  400  660  527  395  840  571  393  346  900  511  111  780  64   149  568  350  685  729  373  544  814  655  240  305  102  667  499  594  442  627  671  154  689  490  412  248  131  405  212  342  590  214  106  617  641  842  778  668  220  184  121  502  672  610  300  213  186  387  393  121  387  646  214  107 
291  632  331  354  227  961  410  726  80   510  393  569  511  369  459  306  495  1039 375  407  994  224  953  807  0    770  556  238  412  1017 459  792  725  452  964  786  978  663  933  322  324  261  190  870  658  275  578  927  696  707  337  420  520  443  799  198  803  715  523  545  848  729  417  535  764  442  731  1017 487  814  589  1069 765  210  382  494  158  802  961  685  448  536  516  485  529  475  433  889  496  365  1008 879  901  505  752  402  547  1081 478  379  892  182  428  455  463  644  862  986  398  756  879  496  216  689  812  952  820  549  454  773  42   576  725  398  137  835  817  425  791  364  417  356  629  945  623  652  742  245  288  425  537  238  745  1058 262  422  905  37   746  821  698  672  299  271  741  510  54   554  684  938  858  314  382  501  798  463  294  945  389  326  876  560  679  769  628  1050 457  1010 774  192  185  279  35   154  891  732  813  334  592  869  1021 805  671  759  901  928  644  273  868  865 
701  410  521  544  867  741  729  276  702  311  594  259  438  871  762  728  781  307  507  666  244  563  625  108  770  0    832  678  385  283  411  324  82   318  437  194  212  679  402  778  881  804  646  313  113  790  279  157  75   63   849  385  578  750  495  866  91   87   711  292  263  563  659  701  190  328  353  739  621  150  465  324  138  629  459  427  720  286  520  402  414  795  483  781  384  703  367  288  289  473  241  237  432  422  670  463  493  324  519  682  626  599  479  499  962  637  112  662  694  569  357  338  721  321  49   272  54   256  422  708  755  217  277  373  814  146  99   366  380  417  451  415  142  586  150  161  292  654  483  386  873  543  474  310  894  433  146  740  80   66   636  245  614  661  454  582  785  557  138  232  89   674  506  501  529  538  602  248  708  472  510  216  155  297  247  304  503  244  198  588  619  841  744  623  327  77   224  493  720  697  266  310  104  471  495  193  284  581  136  96  
274  962  729  776  382  527  921  965  584  764  846  796  394  230  975  828  67   1138 369  199  1072 473  590  793  556  832  0    336  692  1114 791  626  843  640  736  964  969  235  723  235  287  305  670  714  760  286  824  964  782  787  248  498  255  957  507  414  910  745  120  794  725  389  198  134  698  613  554  599  944  955  955  1150 735  679  737  843  401  1028 673  483  436  36   898  75   849  135  514  754  584  420  1050 780  662  850  328  404  933  1142 884  876  515  596  808  339  228  256  944  607  185  409  692  507  743  960  846  848  884  762  795  324  590  629  607  588  439  796  811  528  585  523  774  562  743  607  748  671  987  342  579  492  59   489  473  1136 369  765  903  571  763  898  302  900  766  766  485  250  508  971  837  1062 889  265  366  895  480  880  752  860  184  470  579  648  679  1010 587  1130 853  998  701  488  443  306  527  580  727  846  718  424  139  441  1090 648  781  487  618  886  898  713  967  896 
61   679  410  454  193  728  586  722  250  501  518  549  314  218  639  492  270  976  186  169  920  158  730  684  238  678  336  0    411  953  497  611  657  396  773  752  865  426  746  129  209  128  334  697  577  118  570  832  609  619  188  292  288  621  585  200  734  604  286  536  685  503  179  298  617  374  542  786  618  762  657  998  632  345  431  546  83   794  754  486  280  310  593  261  564  238  310  724  388  206  918  726  705  555  516  227  628  1002 570  542  665  264  499  247  322  408  784  761  162  529  697  349  407  702  709  801  732  518  498  536  265  462  555  334  171  703  698  312  598  272  471  295  551  727  550  530  742  23   277  292  331  179  532  986  217  466  792  244  632  739  463  659  434  431  531  278  203  657  631  883  757  77   190  586  578  563  421  801  156  211  664  462  552  768  478  979  541  898  625  162  113  165  204  246  717  662  658  184  354  635  943  628  595  547  693  800  644  384  798  764 
460  271  140  175  566  860  375  320  335  99   243  157  378  629  419  351  626  629  326  493  588  254  793  450  412  385  692  411  0    608  101  533  325  99   704  374  597  652  667  538  616  532  262  583  273  527  168  535  311  323  599  220  495  404  627  554  399  354  593  134  545  621  494  592  447  116  501  890  311  404  263  660  426  245  86   153  414  396  744  495  295  658  216  621  157  560  212  585  198  275  610  556  661  159  698  302  248  675  218  322  757  230  144  385  733  614  460  832  511  641  610  268  336  293  432  619  428  139  107  733  388  251  456  114  492  486  455  193  561  171  104  130  245  768  235  317  338  391  138  228  710  233  580  650  599  86   530  377  386  425  646  262  234  279  565  491  439  299  277  527  474  448  331  219  645  225  221  603  517  222  686  217  347  365  347  643  188  629  460  264  311  568  393  257  604  332  502  268  637  783  616  536  281  587  693  567  239  197  462  481 
980  501  724  733  1137 963  884  342  942  513  761  453  720  1152 903  912  1064 23   788  950  50   825  833  333  1017 283  1114 953  608  0    593  556  297  570  603  244  215  950  577  1058 1159 1080 867  507  375  1068 453  165  344  336  1129 662  859  896  734  1134 218  368  993  482  465  821  943  982  436  586  605  945  753  204  569  54   389  847  661  586  987  283  706  666  697  1078 619  1064 539  986  644  467  565  751  110  413  629  577  929  744  613  84   664  846  852  837  654  783  1244 909  171  865  977  822  553  621  927  399  269  392  229  469  603  966  996  498  533  630  1078 347  315  640  614  684  639  673  401  790  403  444  340  929  730  663  1156 804  725  49   1166 625  243  984  351  217  902  368  808  857  705  864  1039 667  333  84   231  954  787  640  771  687  800  362  991  742  727  491  435  322  527  41   660  213  439  847  883  1118 995  864  512  291  443  769  999  936  54   537  358  718  701  295  409  790  154  225 
550  182  134  140  638  954  319  271  379  101  183  152  477  716  355  322  724  612  427  592  582  339  881  493  459  411  791  497  101  593  0    608  337  188  774  349  619  753  737  627  698  614  283  650  308  611  141  548  343  355  684  320  596  342  717  622  402  401  693  119  608  717  593  693  509  211  584  981  227  392  164  647  479  262  77   52   490  347  823  585  396  757  116  718  70   659  311  646  286  376  613  610  738  59   797  403  147  668  126  271  849  280  68   486  820  714  465  920  608  737  681  363  334  230  460  666  445  156  11   833  429  325  532  214  558  532  495  292  642  272  46   229  284  853  272  381  285  479  220  328  806  318  671  639  673  36   557  422  430  437  745  226  215  264  655  593  495  200  282  509  497  541  431  122  737  139  206  647  613  321  771  288  409  311  427  631  100  649  522  342  391  649  447  309  670  344  563  367  739  879  610  609  310  677  775  602  191  200  460  503 
605  683  666  707  799  417  908  583  747  514  776  492  297  744  953  871  594  577  428  520  507  569  302  230  792  324  626  611  533  556  608  0    388  434  176  516  367  420  141  664  773  717  740  89   342  697  524  391  329  325  733  379  386  937  177  811  414  256  511  517  102  272  509  495  134  421  73   415  836  474  722  576  186  730  620  646  682  606  215  143  344  594  713  599  616  523  370  127  339  427  466  159  129  645  379  393  735  557  734  854  303  667  671  368  811  383  413  340  550  269  87   301  830  615  305  222  356  467  619  414  794  283  76   449  779  209  247  384  58   445  632  475  351  265  364  234  602  591  554  372  680  558  173  561  816  613  314  774  246  377  361  534  757  793  155  394  784  798  425  535  329  571  422  726  214  747  741  237  566  468  186  320  210  613  185  558  709  390  126  602  608  749  758  680  106  386  113  458  492  381  516  22   355  164  176  278  563  707  444  334 
687  327  455  475  840  800  654  198  653  241  520  185  450  860  685  659  787  320  498  666  269  528  690  188  725  82   843  657  325  297  337  388  0    274  514  133  281  709  478  765  864  784  587  388  83   772  201  211  65   65   836  369  593  674  551  836  78   132  724  218  339  607  660  715  255  289  405  803  542  112  382  345  206  569  392  350  690  220  592  446  411  806  403  786  305  710  350  366  271  458  285  317  503  343  711  455  412  355  440  608  685  548  405  504  955  667  136  728  692  615  430  337  658  239  130  355  107  188  349  749  707  214  330  334  781  227  181  345  441  387  380  377  105  652  106  184  216  633  437  371  880  507  524  334  870  363  222  693  143  100  672  162  546  594  504  596  744  476  57   227  161  662  498  422  583  460  535  330  705  446  574  199  192  225  275  326  426  311  265  550  586  822  701  574  403  7    297  473  741  749  295  377  63   522  562  274  201  518  143  166 
435  329  233  272  571  766  473  331  383  126  342  158  294  610  518  442  576  592  271  445  544  256  695  369  452  318  640  396  99   570  188  434  274  0    606  356  529  573  570  515  605  523  334  487  205  514  184  475  243  255  582  145  422  503  530  565  352  273  532  154  451  530  443  529  354  27   402  794  408  371  337  620  338  319  185  236  419  400  645  398  217  604  303  572  224  505  131  491  99   221  555  465  563  239  612  237  332  629  312  420  661  281  241  314  710  533  410  734  466  548  513  176  416  320  362  531  367  124  197  648  436  155  357  62   508  402  376  115  462  125  201  104  177  669  171  225  352  373  164  152  665  234  483  608  602  183  458  422  305  368  561  266  326  367  468  420  470  388  239  495  407  416  273  310  549  321  311  518  475  186  587  124  255  377  249  601  284  561  366  276  314  560  427  304  509  281  409  224  570  691  570  438  219  490  594  488  258  282  418  414 
761  831  839  879  956  381  1080 712  922  677  947  648  460  885  1123 1046 717  621  595  664  553  743  243  329  964  437  736  773  704  603  774  176  514  606  0    629  389  507  37   812  920  870  916  128  487  849  677  444  466  458  878  554  522  1108 229  971  518  392  631  675  175  348  651  613  269  595  233  348  1002 578  876  608  311  907  791  809  848  721  107  288  516  708  874  723  775  653  546  149  514  598  497  204  73   807  436  562  894  579  899  1027 286  843  839  527  941  480  496  268  693  332  93   477  1006 752  402  211  452  627  786  463  968  452  251  624  944  293  340  561  175  621  801  651  503  199  516  394  729  754  730  548  793  733  264  594  970  782  367  947  372  473  441  673  931  968  256  531  953  957  561  606  407  726  589  888  260  913  916  240  709  643  169  488  366  735  360  593  875  400  257  775  779  900  930  855  110  511  219  630  596  386  554  169  496  249  130  309  707  882  528  409 
788  267  482  489  927  931  641  107  709  276  517  216  575  963  663  667  906  262  608  780  240  610  818  300  786  194  964  752  374  244  349  516  133  356  629  0    327  840  594  868  961  879  627  506  207  870  212  244  198  198  936  475  718  655  683  919  113  264  846  243  457  740  776  839  382  378  537  931  513  60   333  299  331  607  419  341  775  92   714  579  528  927  377  904  294  829  457  480  381  564  284  426  626  332  844  567  374  323  421  602  816  604  409  624  1061 797  157  856  805  748  551  456  684  164  227  449  180  239  359  882  762  337  462  419  860  336  288  448  570  479  395  460  221  779  215  317  114  729  505  479  998  589  656  292  958  382  292  752  269  160  805  123  564  613  637  720  813  432  126  160  234  766  609  398  715  443  556  421  816  541  703  315  325  110  407  284  416  350  391  628  669  917  767  632  520  132  418  574  867  882  268  504  187  655  689  354  164  548  136  235 
881  588  733  755  1057 757  935  433  911  521  802  466  589  1044 965  939  927  232  685  827  167  764  623  182  978  212  969  865  597  215  619  367  281  529  389  327  0    781  365  953  1060 988  858  303  325  972  482  83   287  275  1025 576  716  954  540  1060 227  264  849  500  267  639  818  835  270  536  427  734  820  267  650  219  238  842  671  630  915  408  494  495  589  934  680  929  585  850  559  260  486  659  108  211  420  623  746  641  686  193  720  889  649  810  687  658  1126 742  170  654  856  636  347  516  933  488  166  178  174  467  630  781  965  407  363  580  1012 173  167  562  423  617  660  621  354  580  363  335  442  842  692  575  1017 745  540  205  1082 643  73   949  234  184  726  426  826  873  522  722  989  747  338  237  123  850  682  700  578  740  814  149  871  668  523  417  313  436  395  204  706  32   268  791  818  1025 950  833  304  274  257  682  843  739  164  346  316  531  493  89   469  794  193  117 
379  901  731  780  552  312  958  866  663  698  856  713  280  430  1011 880  236  973  343  258  904  504  357  618  663  679  235  426  652  950  753  420  709  573  507  840  781  0    498  389  479  462  720  502  633  440  745  790  644  647  435  432  162  993  278  578  766  592  160  721  522  159  247  141  517  547  354  379  946  818  910  979  561  722  718  804  508  917  438  287  357  213  868  245  797  203  443  544  490  388  873  579  435  809  99   354  900  966  866  907  282  637  789  268  457  42   788  377  275  176  473  404  806  874  682  641  727  679  760  110  687  506  420  538  580  612  636  461  371  484  750  529  623  372  631  525  888  419  576  424  294  510  252  965  551  736  721  666  602  744  67   803  793  807  267  168  628  950  719  911  719  350  336  871  248  869  777  658  288  452  345  537  524  907  435  960  835  807  516  530  501  480  629  632  512  711  524  408  99   220  918  442  652  265  385  694  812  736  815  725 
736  794  803  842  931  396  1043 676  889  639  909  610  431  864  1086 1010 700  595  566  642  527  710  260  294  933  402  723  746  667  577  737  141  478  570  37   594  365  498  0    789  898  846  881  90   450  825  640  416  429  421  856  521  501  1071 220  945  484  355  615  638  139  339  630  597  232  559  204  369  964  544  838  584  274  871  754  771  819  687  129  263  484  693  837  706  738  634  512  116  478  567  473  171  65   769  433  532  856  556  861  990  295  808  801  500  923  468  464  289  671  325  56   443  971  716  368  187  418  589  748  461  936  415  215  588  916  259  306  526  148  587  764  616  465  216  479  356  693  726  695  514  779  700  249  570  946  744  337  915  336  439  432  636  895  932  239  510  923  920  524  576  375  701  560  851  254  876  879  216  687  610  172  451  328  699  324  569  838  378  219  743  748  877  899  822  74   475  182  599  583  392  529  133  459  235  135  281  669  846  496  377 
