200
0    8    16   27   58   35   18   19   21   20   187  211  172  193  170  166  163  199  182  165  485  523  541  506  478  494  507  515  534  502  361  368  344  359  360  371  393  367  369  383  679  663  655  689  658  645  658  662  657  661  400  435  406  450  401  416  386  401  406  372  399  441  393  429  426  440  431  445  472  460  313  341  316  334  320  314  336  322  326  283  517  527  532  497  528  490  518  488  516  516  475  463  511  475  472  482  465  470  500  484  300  316  332  321  322  327  354  333  299  345  470  503  467  493  483  499  517  483  460  475  198  181  193  182  231  208  170  218  199  205  395  440  437  400  429  423  428  423  451  419  163  140  129  174  189  109  169  197  180  168  350  365  354  338  350  353  360  380  358  325  496  509  512  543  548  542  470  536  481  485  350  344  361  331  362  345  371  367  332  286  157  162  204  175  197  171  166  159  162  197  470  453  443  488  508  472  494  484  486  448 
8    0    19   34   54   31   16   13   25   27   179  203  164  185  162  159  156  191  174  157  488  524  543  509  480  497  509  517  536  504  364  372  348  363  363  375  396  370  372  386  676  660  652  686  655  643  655  659  655  658  395  431  401  445  396  411  381  397  402  368  395  435  388  424  421  435  426  439  466  455  306  334  309  327  313  307  329  316  319  276  521  531  535  500  532  494  522  492  520  520  480  468  515  480  477  488  471  476  505  490  295  312  327  315  317  322  349  328  293  340  463  496  460  486  476  492  510  476  454  468  199  181  193  180  231  208  171  218  199  206  387  432  429  392  421  415  420  415  443  411  171  147  137  182  197  116  177  205  188  176  358  372  362  346  357  361  368  388  366  333  497  510  514  545  549  544  472  537  483  486  342  336  353  323  354  337  363  359  324  278  150  155  196  168  189  163  158  151  155  190  472  455  445  491  511  475  497  487  488  450 
16   19   0    38   45   50   9    18   7    19   192  213  176  197  175  171  171  203  186  166  469  506  524  490  462  478  491  499  518  486  376  383  358  373  375  385  408  381  384  397  664  649  641  675  644  631  644  648  642  647  414  450  420  464  415  430  400  416  421  387  387  430  383  418  414  429  419  435  460  449  306  334  308  327  313  307  329  313  318  277  502  512  516  481  513  475  503  473  501  501  462  449  497  462  459  470  453  457  487  471  313  330  345  333  336  340  368  347  311  359  463  496  460  485  475  492  510  476  453  468  182  165  176  166  214  191  153  201  182  188  399  444  442  404  433  428  430  428  455  424  159  135  121  167  183  100  165  193  174  164  352  367  358  341  354  356  364  380  360  326  512  525  528  560  564  558  486  553  497  502  348  342  361  329  360  343  371  367  330  285  154  160  206  171  197  170  168  157  159  191  454  437  426  472  492  456  478  468  469  432 
27   34   38   0    83   43   43   46   37   23   206  233  194  213  191  187  179  221  203  188  495  534  550  515  488  503  518  525  545  512  339  345  321  335  338  348  371  344  347  359  702  686  679  712  681  668  681  685  680  685  403  435  410  453  402  417  387  401  407  370  425  467  420  455  452  467  457  471  498  487  340  368  343  361  347  341  363  349  353  310  522  530  539  501  533  492  523  492  521  519  472  461  510  473  469  478  462  467  499  480  303  318  335  327  324  331  355  337  305  346  497  530  494  520  510  526  544  510  488  502  213  199  208  203  247  222  184  234  214  218  417  461  455  420  451  443  450  444  471  439  145  124  119  162  175  101  152  179  167  151  325  339  328  312  323  328  335  356  333  301  477  490  494  526  530  524  452  519  462  469  375  369  385  357  387  370  394  392  357  311  183  188  228  202  222  195  190  185  189  224  478  463  453  496  516  480  503  494  497  457 
58   54   45   83   0    79   40   41   49   64   176  188  155  178  157  155  165  181  168  142  448  481  502  470  439  457  467  477  495  464  418  426  402  417  418  429  450  425  426  441  621  606  597  632  600  588  601  604  600  604  424  464  429  474  427  443  413  430  434  403  342  385  338  372  368  383  374  389  415  403  262  290  264  283  270  263  285  269  274  234  489  500  499  468  499  464  490  461  487  489  462  447  491  460  458  471  454  458  483  473  324  343  355  338  349  350  381  357  318  372  419  453  416  441  431  448  466  432  409  424  155  132  149  128  183  164  129  171  154  164  373  420  423  381  407  407  404  405  431  402  191  165  145  190  208  123  195  224  198  194  393  407  399  382  397  395  405  417  400  363  550  563  567  597  602  597  525  590  536  538  313  306  329  293  326  307  340  334  296  250  118  125  179  133  167  141  144  124  123  149  434  415  404  455  472  437  458  446  445  411 
35   31   50   43   79   0    46   39   56   52   164  193  154  171  149  145  135  180  161  149  519  555  574  540  511  528  540  549  567  536  341  352  328  344  342  355  374  350  349  366  699  684  674  710  678  666  678  681  679  680  365  400  371  415  366  381  351  366  371  337  413  449  401  440  438  450  442  452  482  470  315  342  319  334  319  315  336  326  328  282  552  562  566  532  563  525  553  523  551  551  509  498  546  510  507  517  500  505  535  518  265  281  297  287  287  292  319  298  264  310  470  501  468  494  484  500  518  484  462  476  229  210  224  208  261  239  202  248  229  237  375  419  411  377  409  399  408  401  429  396  189  167  161  205  218  141  196  223  210  195  363  378  366  350  359  367  372  397  373  342  471  484  487  518  523  517  446  510  457  458  339  334  347  321  350  335  355  353  320  275  153  157  189  172  185  159  151  152  158  197  504  487  476  523  542  506  528  518  519  482 
18   16   9    43   40   46   0    9    17   27   183  204  166  188  166  162  163  193  177  157  472  508  527  494  464  481  493  502  521  489  379  386  362  377  378  389  411  385  387  401  661  645  637  671  640  627  640  644  639  643  408  445  414  458  409  425  395  411  416  382  382  424  377  412  408  423  413  428  454  443  298  326  300  319  305  299  321  306  310  268  507  517  520  486  517  480  508  478  505  506  469  456  503  468  465  477  460  464  493  478  307  325  339  326  331  334  363  341  305  354  455  488  452  477  467  484  502  468  445  460  183  165  177  165  215  192  155  202  183  190  389  435  433  394  423  419  421  418  445  414  168  144  130  176  192  109  174  203  183  173  361  376  366  350  363  365  373  389  369  335  513  526  529  561  565  560  488  553  498  502  339  333  352  320  351  334  362  358  321  275  145  150  196  162  188  161  159  148  150  182  457  440  429  476  495  459  481  471  472  435 
19   13   18   46   41   39   9    0    26   34   173  195  158  179  157  153  153  185  168  149  480  516  535  502  472  489  501  510  528  497  376  385  361  376  376  388  409  383  384  399  663  648  639  674  642  630  643  646  642  645  399  436  404  449  400  416  386  402  407  373  382  422  375  411  408  422  413  426  453  442  294  322  297  315  301  295  317  303  307  264  516  526  529  495  526  489  517  487  514  515  478  465  512  478  475  486  469  474  502  488  298  316  330  317  322  325  354  331  295  345  451  484  448  474  464  480  498  464  441  456  190  170  184  169  221  199  162  208  190  197  381  426  424  386  415  410  413  409  437  405  177  153  140  185  201  118  183  211  192  182  368  382  372  356  368  371  379  397  376  342  509  522  525  556  561  555  484  549  495  497  332  326  344  313  344  327  354  350  314  268  139  144  188  157  180  153  151  141  144  178  465  448  437  485  503  468  489  479  479  443 
21   25   7    37   49   56   17   26   0    14   200  221  183  205  183  179  179  210  194  174  464  502  520  486  457  473  487  495  514  481  376  382  358  372  375  385  408  381  384  396  665  649  642  675  644  631  644  649  643  648  420  456  427  470  421  437  407  422  427  393  390  434  387  421  416  433  422  438  464  453  311  339  313  332  318  312  334  318  323  282  496  506  511  476  507  469  497  467  495  495  455  443  490  455  452  463  446  450  480  464  320  337  352  340  343  347  374  353  318  365  468  502  465  490  480  497  515  481  458  473  178  163  173  166  212  188  150  199  179  184  406  452  450  411  440  436  438  435  462  431  151  127  113  159  175  92   157  186  166  156  346  361  352  335  349  349  358  373  354  319  513  526  530  561  565  560  488  554  498  504  355  349  368  336  367  350  379  374  337  291  160  166  213  178  204  178  176  164  166  196  449  433  422  467  487  451  473  464  465  427 
20   27   19   23   64   52   27   34   14   0    206  229  191  212  190  186  183  218  201  183  473  511  529  494  466  482  496  503  523  490  362  368  344  358  361  371  394  367  370  382  679  663  656  689  659  645  659  663  657  662  418  451  424  468  418  433  403  417  423  388  405  449  402  435  431  447  437  453  478  467  325  353  327  346  332  326  348  332  337  296  502  511  518  482  514  474  503  473  502  500  457  445  493  457  454  464  447  452  483  465  317  333  350  339  339  345  371  351  317  362  482  515  479  504  494  511  529  495  472  487  190  176  185  180  224  199  161  211  191  195  414  460  456  419  448  443  447  443  470  439  143  120  109  154  169  89   150  178  160  148  334  349  339  323  335  337  345  362  342  308  501  514  517  549  553  547  475  542  485  492  366  360  379  347  379  361  389  385  349  303  172  178  223  190  215  188  185  175  178  210  457  441  431  475  495  459  482  472  475  436 
187  179  192  206  176  164  183  173  200  206  0    43   27   13   18   21   41   26   12   45   595  620  647  618  585  605  610  621  636  609  431  453  432  451  435  455  465  450  437  468  667  656  638  680  644  641  645  644  655  643  283  334  286  331  291  310  282  303  305  285  362  369  325  376  381  380  379  369  411  397  225  244  232  234  218  219  234  243  238  183  650  663  654  628  658  629  651  623  646  653  636  620  661  633  631  646  628  633  654  648  194  219  218  190  225  213  254  221  176  246  358  379  357  386  375  389  403  372  355  364  307  277  301  258  323  316  289  314  304  320  211  254  250  213  245  236  244  237  264  232  350  326  313  359  375  292  356  384  366  355  526  540  527  511  518  529  533  561  536  506  525  537  540  565  573  570  504  554  517  499  193  191  192  182  203  192  198  199  175  136  96   91   51   104  65   63   43   83   96   131  585  563  549  608  621  590  606  593  586  559 
211  203  213  233  188  193  204  195  221  229  43   0    39   30   47   52   84   17   37   46   583  605  633  606  572  593  595  607  621  596  474  496  475  494  479  498  508  493  481  511  630  620  601  644  608  606  609  607  620  606  311  364  313  357  321  340  314  335  336  320  326  328  284  337  343  340  340  327  371  357  184  203  192  192  176  177  192  203  198  142  644  658  644  622  650  625  644  618  638  648  639  622  660  636  634  650  632  636  655  653  228  254  250  218  260  245  288  253  207  279  314  336  313  342  332  345  360  328  311  321  303  272  297  249  314  310  288  306  299  316  185  231  236  192  219  219  217  216  242  213  373  348  332  378  395  310  378  407  385  377  557  572  560  544  552  561  565  590  566  535  568  580  583  607  616  613  547  597  561  541  152  149  154  139  162  150  162  161  134  92   84   77   15   84   34   50   44   72   81   105  575  551  536  599  610  580  595  580  571  548 
172  164  176  194  155  154  166  158  183  191  27   39   0    23   12   16   55   27   15   18   568  593  620  591  558  578  583  594  609  582  441  462  440  458  445  464  475  458  448  477  644  632  615  657  621  617  622  621  631  620  310  360  313  358  318  336  309  329  331  310  340  350  305  355  359  360  358  350  391  378  206  227  213  217  201  201  218  223  220  165  624  637  627  602  631  604  625  597  619  627  612  596  636  609  608  622  604  609  630  625  220  244  245  217  250  240  280  248  203  272  345  369  344  373  362  376  392  359  341  352  281  251  275  231  297  290  263  288  278  294  223  268  268  228  257  253  255  252  278  248  335  311  296  342  358  274  341  369  349  340  517  532  520  504  512  521  526  551  527  496  541  553  556  582  590  586  519  572  533  517  190  187  194  176  200  188  202  201  172  129  69   64   39   78   45   37   16   56   69   106  558  536  522  582  595  563  579  566  559  533 
193  185  197  213  178  171  188  179  205  212  13   30   23   0    22   26   54   13   10   40   590  615  642  614  580  601  605  616  631  604  444  466  444  464  448  468  478  462  450  481  656  645  626  669  633  630  634  632  644  632  292  343  294  338  300  319  292  313  314  296  351  356  312  364  369  368  367  356  399  385  212  232  220  221  205  206  221  231  226  171  647  660  650  626  654  627  648  621  642  651  636  619  660  633  631  646  628  633  653  649  204  229  228  198  235  223  264  231  185  256  345  366  344  373  362  376  390  359  342  351  305  274  299  254  319  313  287  310  302  317  203  247  245  207  237  231  236  230  258  226  356  332  318  364  380  296  362  390  371  361  534  549  536  520  528  538  542  569  544  514  538  549  553  577  586  583  517  567  530  512  181  179  181  169  191  180  187  188  163  123  90   84   39   96   53   56   38   77   89   122  581  559  544  605  617  586  602  588  581  555 
170  162  175  191  157  149  166  157  183  190  18   47   12   22   0    5    42   31   11   29   577  602  629  600  567  587  592  603  618  591  430  451  429  448  434  453  464  448  437  466  656  645  628  670  634  630  635  634  643  633  299  349  302  347  307  325  297  318  319  298  352  363  318  368  372  373  370  363  404  390  218  240  225  230  213  213  230  236  232  177  631  644  635  610  639  610  632  605  627  634  617  601  642  614  612  627  609  614  635  629  208  232  233  206  238  228  268  236  191  260  357  380  356  384  374  388  403  371  353  363  289  259  283  240  305  297  270  296  286  301  225  270  267  229  259  253  258  253  280  248  333  310  296  342  358  274  340  368  349  338  513  527  515  499  506  516  520  547  522  492  529  541  544  569  577  574  507  559  520  504  199  196  201  185  209  197  208  208  181  138  79   75   49   90   57   49   27   67   80   119  567  545  531  590  603  571  588  575  568  541 
166  159  171  187  155  145  162  153  179  186  21   52   16   26   5    0    38   35   16   31   577  603  629  600  567  587  592  603  618  591  425  446  424  443  429  448  459  443  432  461  659  648  631  673  637  633  638  637  646  636  298  347  301  346  305  323  295  316  318  296  356  367  322  371  376  377  374  367  408  394  223  244  229  234  217  217  234  240  236  182  630  643  635  609  638  609  631  604  626  633  615  599  641  613  611  625  607  612  634  627  206  230  232  205  236  227  266  234  190  258  362  385  360  389  379  393  408  376  357  368  288  258  282  240  305  296  269  295  285  300  229  274  270  233  263  256  262  256  284  252  330  306  293  338  354  271  336  364  345  335  508  523  510  494  502  512  516  542  518  488  525  536  540  565  573  570  503  555  516  500  204  201  205  190  214  202  212  213  186  143  81   77   54   92   62   52   30   68   82   121  566  545  531  589  603  571  588  575  568  541 
163  156  171  179  165  135  163  153  179  183  41   84   55   54   42   38   0    66   48   68   601  629  654  624  591  611  617  628  644  615  390  412  390  409  394  414  424  408  396  427  697  685  669  710  675  670  676  675  683  674  268  315  272  318  274  292  263  283  286  262  394  405  360  410  414  415  412  405  446  433  261  282  268  272  255  256  272  278  275  220  650  662  657  629  659  627  651  623  647  652  627  612  656  625  623  636  618  623  648  638  173  196  201  178  203  196  234  203  160  225  398  420  397  426  415  429  444  412  394  404  309  281  303  265  329  318  287  319  307  320  245  287  276  245  279  265  279  268  296  262  324  302  292  338  352  271  332  359  344  330  492  506  492  477  482  496  498  529  502  475  487  498  502  527  535  532  465  517  478  462  234  233  232  223  244  234  237  240  217  177  115  112  90   129  100  89   67   103  117  158  590  569  555  612  627  594  612  599  594  565 
199  191  203  221  181  180  193  185  210  218  26   17   27   13   31   35   66   0    20   39   586  610  637  610  576  596  600  611  626  599  457  478  457  476  461  481  490  475  463  494  644  634  615  658  622  619  623  621  633  620  300  353  302  347  310  328  301  323  324  306  340  344  300  352  358  356  355  343  387  373  200  219  207  209  192  193  209  219  214  158  645  658  646  623  652  625  645  619  640  649  636  619  659  633  632  647  629  633  653  649  215  240  237  207  246  233  274  241  195  266  332  353  331  360  349  363  377  346  329  338  303  272  297  251  316  311  286  307  300  316  196  241  242  201  230  226  228  225  251  221  362  338  323  369  385  301  368  396  376  367  543  558  545  529  537  547  551  577  553  523  551  562  566  590  598  596  529  580  543  524  169  166  170  156  179  167  177  177  151  110  85   79   26   89   43   51   37   72   84   113  577  555  540  601  613  582  598  584  576  551 
182  174  186  203  168  161  177  168  194  201  12   37   15   10   11   16   48   20   0    33   583  608  635  606  573  593  598  609  624  597  438  459  438  457  442  462  472  456  444  475  655  644  626  668  632  629  633  632  642  631  296  347  298  343  304  323  295  316  317  298  350  358  314  364  370  369  367  358  400  386  214  234  221  224  208  208  224  232  228  173  639  652  642  617  646  618  640  612  634  642  626  610  651  624  622  636  619  623  644  639  207  231  231  203  238  226  267  234  189  258  350  372  348  377  367  381  396  364  346  356  296  266  290  246  312  305  278  303  293  309  213  258  256  217  248  241  246  241  268  237  345  321  307  353  369  285  351  380  360  350  524  539  526  510  518  528  532  558  534  504  534  546  549  574  582  579  513  564  526  509  189  186  190  176  199  187  196  197  171  129  83   78   42   92   53   51   31   70   83   119  573  551  537  597  610  578  594  581  574  548 
165  157  166  188  142  149  157  149  174  183  45   46   18   40   29   31   68   39   33   0    550  575  602  573  540  560  565  576  591  564  449  468  446  464  452  471  483  465  456  483  628  617  600  642  606  601  607  606  615  605  328  378  331  376  336  354  326  347  349  327  325  338  293  341  345  347  344  339  379  365  195  217  201  208  191  190  208  211  208  154  607  620  609  585  614  587  607  580  602  610  596  580  620  594  592  607  589  594  613  610  237  261  262  235  267  257  297  265  220  289  338  364  336  365  354  369  385  352  333  344  264  234  258  214  279  272  247  270  261  277  232  278  281  239  266  265  264  263  289  259  326  302  285  331  348  263  332  360  338  330  512  527  516  499  509  516  522  544  522  490  553  564  568  594  601  598  530  584  543  529  190  186  197  174  201  187  206  204  172  127  50   46   39   61   38   21   2    38   51   90   541  518  504  564  577  545  561  548  541  515 
485  488  469  495  448  519  472  480  464  473  595  583  568  590  577  577  601  586  583  550  0    53   55   23   13   10   31   32   54   19   806  799  776  783  801  802  832  799  814  809  429  408  429  427  421  390  419  435  392  435  869  911  873  918  873  890  860  878  882  851  398  477  461  435  415  451  433  487  460  463  490  506  483  510  513  501  514  475  489  507  101  120  70   87   93   120  99   101  86   119  222  196  178  208  213  238  228  228  190  244  770  790  800  779  796  795  829  802  761  819  574  617  569  573  569  584  600  578  557  574  293  320  299  337  272  284  319  282  295  284  726  771  799  744  752  776  745  766  783  767  438  431  407  396  405  412  428  433  401  430  585  592  602  591  619  583  608  563  578  536  957  970  973  1007 1009 1002 931  1002 939  956  618  607  652  596  629  608  666  652  609  581  501  507  568  499  549  535  552  514  502  482  24   32   46   38   28   30   13   4    34   37  
523  524  506  534  481  555  508  516  502  511  620  605  593  615  602  603  629  610  608  575  53   0    38   52   51   52   21   28   19   35   851  845  822  830  847  848  878  846  859  856  388  367  391  384  381  350  380  395  350  396  898  942  902  947  903  920  891  909  913  884  392  469  458  426  406  442  424  478  447  451  498  510  490  516  520  508  519  481  495  518  138  157  94   131  125  166  136  147  122  159  270  246  222  256  262  286  278  277  236  292  800  821  830  807  828  824  860  832  790  851  568  610  563  564  561  575  590  571  550  567  326  351  332  364  300  317  353  312  327  318  739  782  813  758  763  790  755  779  795  780  486  477  451  444  454  455  476  482  450  478  637  645  654  643  671  635  661  615  631  588  1001 1014 1017 1051 1053 1046 975  1045 983  999  627  617  662  606  638  617  677  662  620  595  525  531  590  521  571  559  577  538  526  501  77   76   81   85   58   83   55   50   36   82  
541  543  524  550  502  574  527  535  520  529  647  633  620  642  629  629  654  637  635  602  55   38   0    38   62   47   37   26   19   38   861  854  831  838  856  856  887  854  869  864  421  400  425  416  415  383  413  430  383  430  922  965  926  971  927  944  914  932  936  906  429  506  495  463  444  479  461  516  485  489  532  545  524  550  554  542  554  515  529  551  110  127  62   107  95   142  108  125  94   131  249  225  195  234  240  263  257  256  210  269  823  844  853  832  851  848  883  856  814  873  605  647  600  602  598  612  628  608  588  604  348  373  353  389  324  338  373  335  349  338  771  815  845  790  796  822  789  811  828  812  493  486  462  450  459  467  483  487  456  484  633  641  651  641  669  632  657  609  627  584  1012 1025 1029 1062 1064 1057 986  1057 994  1012 661  650  696  639  671  650  710  695  653  627  552  558  618  549  599  586  604  565  553  531  75   87   98   70   40   77   49   56   62   92  
506  509  490  515  470  540  494  502  486  494  618  606  591  614  600  600  624  610  606  573  23   52   38   0    35   13   33   24   44   20   824  816  793  800  818  819  849  816  831  826  438  417  440  435  431  400  429  445  401  445  891  934  896  941  895  912  882  900  904  873  419  498  483  455  436  472  454  508  480  483  514  529  506  533  536  524  537  498  512  530  88   107  49   79   77   114  86   95   72   108  219  194  170  204  210  234  226  225  184  240  792  813  822  802  819  817  851  825  783  842  596  639  591  594  590  605  621  599  578  595  316  343  322  360  295  307  341  305  317  306  750  794  822  768  776  800  768  790  807  790  455  448  425  412  421  431  445  449  418  447  596  603  613  603  631  594  619  572  589  547  975  988  991  1025 1027 1020 949  1020 957  975  641  631  675  619  652  631  690  675  632  604  524  530  591  522  573  558  575  537  526  505  38   55   70   34   6    39   12   26   49   59  
478  480  462  488  439  511  464  472  457  466  585  572  558  580  567  567  591  576  573  540  13   51   62   35   0    23   31   37   57   24   802  795  772  780  797  798  828  796  810  806  419  398  418  417  410  380  409  424  382  424  859  902  864  909  864  881  851  869  873  843  385  464  448  421  402  438  420  474  446  449  478  493  470  497  500  488  501  462  476  494  113  133  83   99   106  131  112  112  99   132  231  205  189  217  222  247  237  237  201  253  761  781  791  769  788  786  820  793  751  811  561  604  556  560  556  570  587  565  544  561  285  311  291  327  262  275  310  272  286  275  714  759  787  732  740  764  733  754  771  755  435  427  402  393  402  406  425  431  399  427  585  594  602  592  620  584  609  565  580  536  952  965  969  1002 1004 997  926  997  934  951  605  595  640  584  616  595  654  639  597  569  490  496  557  488  538  524  542  503  492  471  31   25   36   50   41   39   26   9    24   31  
494  497  478  503  457  528  481  489  473  482  605  593  578  601  587  587  611  596  593  560  10   52   47   13   23   0    31   27   49   16   813  806  783  790  808  809  839  806  821  816  434  413  435  431  426  395  424  440  397  440  878  921  883  928  883  899  870  887  891  861  408  487  471  444  425  461  443  497  469  472  501  516  493  520  523  511  524  485  499  517  94   113  60   82   85   116  92   97   78   113  219  194  174  205  210  235  226  226  186  241  779  800  810  789  806  805  838  812  770  829  584  627  579  583  579  593  610  588  567  584  303  330  309  347  282  294  328  292  305  293  737  781  809  755  763  787  755  777  794  777  445  438  414  403  411  420  435  439  408  437  589  596  606  596  624  587  612  566  582  540  964  977  981  1014 1016 1009 938  1009 946  964  628  618  662  606  639  618  677  662  619  591  511  517  578  509  560  545  562  524  512  492  28   42   56   34   17   31   4    13   40   46  
507  509  491  518  467  540  493  501  487  496  610  595  583  605  592  592  617  600  598  565  31   21   37   33   31   31   0    14   27   15   833  827  804  811  828  829  859  827  841  837  404  383  406  401  397  366  395  411  367  411  886  930  890  935  891  908  878  896  900  870  394  471  459  429  409  445  427  481  451  455  494  508  486  513  516  505  516  478  492  513  122  141  81   112  110  147  120  128  106  142  250  225  204  236  242  266  258  257  217  272  788  809  817  795  815  812  847  820  778  838  570  612  565  567  564  578  594  573  553  569  313  338  318  352  288  303  339  299  314  304  733  777  807  752  758  784  751  773  790  775  466  458  433  424  434  437  457  462  430  458  616  624  633  622  650  614  640  594  610  567  983  996  1000 1033 1035 1028 957  1028 965  981  623  612  658  602  634  613  672  657  615  589  515  521  581  511  562  549  567  528  516  493  56   56   64   65   40   62   35   29   24   63  
515  517  499  525  477  549  502  510  495  503  621  607  594  616  603  603  628  611  609  576  32   28   26   24   37   27   14   0    22   13   838  831  808  816  833  834  864  831  846  842  415  394  418  412  408  377  407  423  378  423  896  939  900  945  901  918  888  906  910  880  408  486  473  443  423  459  441  496  466  469  508  522  500  526  530  518  530  491  505  526  110  129  67   103  98   138  109  119  94   131  243  218  194  228  234  258  250  250  208  264  797  818  827  806  825  822  857  830  788  848  584  627  579  582  578  592  608  587  567  584  322  347  328  363  298  312  348  309  323  313  746  790  820  765  771  797  764  786  803  787  470  463  438  428  437  443  461  465  434  462  616  623  633  623  651  614  640  593  609  567  988  1001 1005 1038 1040 1033 962  1033 970  987  636  626  671  615  647  626  685  670  628  602  526  532  592  523  573  560  578  539  527  505  55   62   72   57   30   59   30   31   37   68  
534  536  518  545  495  567  521  528  514  523  636  621  609  631  618  618  644  626  624  591  54   19   19   44   57   49   27   22   0    35   859  853  830  837  854  856  885  853  867  863  402  382  406  398  396  365  395  411  365  411  913  957  917  962  917  935  905  923  927  897  411  488  477  445  426  461  443  498  466  471  516  529  508  534  538  527  538  500  513  536  126  143  79   121  112  156  124  138  110  147  262  238  211  248  253  277  270  269  225  283  814  836  844  822  842  839  874  846  804  865  587  629  582  584  580  594  610  590  570  586  340  365  345  379  315  330  366  326  341  331  757  800  831  776  781  808  774  797  813  798  492  484  460  450  459  464  483  488  456  484  638  646  656  646  674  637  662  615  632  589  1010 1023 1026 1060 1062 1055 984  1055 992  1008 646  635  681  624  656  635  695  680  638  613  541  547  606  537  587  575  593  554  542  518  77   83   91   78   49   81   52   53   50   89  
502  504  486  512  464  536  489  497  481  490  609  596  582  604  591  591  615  599  597  564  19   35   38   20   24   16   15   13   35   0    825  818  795  802  819  820  850  818  832  828  419  398  420  416  411  380  410  425  381  425  884  927  888  933  888  905  875  893  897  867  401  480  466  437  418  454  435  490  461  464  498  513  491  518  521  509  521  483  497  516  107  127  69   97   97   132  106  113  92   127  235  210  189  221  227  251  243  242  202  257  785  806  815  794  812  810  844  817  775  835  578  621  573  576  572  586  602  581  560  577  309  335  315  351  286  300  335  296  310  300  736  780  809  755  762  787  754  776  793  777  457  449  425  415  424  430  447  452  420  449  603  611  621  610  638  602  627  581  597  554  975  988  992  1025 1027 1020 949  1020 957  974  627  616  661  605  637  616  676  661  618  591  514  520  581  511  562  548  566  527  515  494  43   49   60   50   26   47   20   18   30   54  
361  364  376  339  418  341  379  376  376  362  431  474  441  444  430  425  390  457  438  449  806  851  861  824  802  813  833  838  859  825  0    37   41   52   12   37   33   32   7    48   1040 1025 1016 1051 1019 1007 1019 1023 1019 1022 375  358  385  403  361  360  345  338  348  309  753  782  735  778  778  787  781  784  819  806  642  666  647  657  640  638  657  656  655  603  808  811  837  791  823  772  810  777  812  799  716  716  771  723  717  716  704  709  756  715  333  321  349  376  320  349  329  347  359  327  787  810  786  814  804  818  833  801  782  793  548  538  543  542  584  557  519  571  550  550  603  631  596  592  632  598  636  609  636  601  370  375  399  412  407  397  380  383  408  379  337  345  323  317  298  343  323  392  353  364  154  167  170  204  204  197  129  202  134  169  623  622  614  613  631  623  617  623  606  567  477  478  479  496  486  468  449  471  481  526  786  776  770  798  824  785  812  806  815  770 
368  372  383  345  426  352  386  385  382  368  453  496  462  466  451  446  412  478  459  468  799  845  854  816  795  806  827  831  853  818  37   0    24   19   25   2    36   5    38   15   1047 1032 1024 1058 1027 1014 1027 1031 1025 1030 411  395  421  440  397  397  381  375  385  346  765  797  750  792  790  801  794  800  833  821  658  684  663  674  658  656  675  672  672  621  796  799  827  780  812  760  798  766  801  787  700  701  756  707  701  699  687  692  740  697  366  355  383  409  355  382  364  381  391  362  807  831  805  833  823  838  853  821  801  813  549  541  545  548  586  557  520  572  551  550  631  661  627  621  661  628  664  638  666  631  361  368  395  403  396  394  371  370  398  369  309  315  294  289  268  314  293  363  324  339  174  186  189  223  221  212  151  222  152  196  646  644  639  635  655  645  642  648  629  589  493  495  500  512  506  486  468  488  498  541  778  770  764  789  815  777  805  799  809  764 
344  348  358  321  402  328  362  361  358  344  432  475  440  444  429  424  390  457  438  446  776  822  831  793  772  783  804  808  830  795  41   24   0    20   30   27   55   23   46   38   1023 1008 1000 1033 1002 989  1003 1007 1001 1006 402  389  412  433  389  389  372  367  377  337  741  774  727  768  767  778  770  777  809  797  636  661  640  652  636  633  653  649  649  598  775  777  804  758  790  739  777  744  780  766  680  681  736  687  681  680  668  672  720  678  352  342  370  395  342  369  354  368  376  351  784  809  782  811  800  815  831  798  779  790  525  517  521  523  562  533  496  548  527  526  613  644  611  603  643  611  646  621  649  613  338  345  371  380  374  370  348  349  376  347  296  304  282  277  257  302  282  351  312  324  191  203  207  241  240  232  167  239  170  209  625  623  619  614  634  624  622  627  607  568  470  472  478  489  484  464  446  465  475  518  755  747  741  767  793  755  782  776  786  741 
359  363  373  335  417  344  377  376  372  358  451  494  458  464  448  443  409  476  457  464  783  830  838  800  780  790  811  816  837  802  52   19   20   0    40   21   55   22   55   26   1037 1021 1014 1047 1017 1003 1017 1021 1015 1020 421  408  431  451  408  408  391  386  396  356  757  791  744  784  783  794  786  794  826  814  653  679  658  670  654  651  671  666  667  616  780  782  810  763  795  743  781  749  785  770  682  683  738  689  684  681  669  674  722  679  372  362  390  415  362  390  373  388  397  370  803  828  801  829  818  833  849  816  797  808  537  529  532  537  574  545  508  560  539  538  633  664  631  623  663  631  666  641  669  634  345  353  380  387  380  380  355  354  382  353  290  296  275  270  249  295  274  344  305  320  193  204  208  241  239  231  170  241  171  215  644  643  639  633  653  644  642  647  627  587  488  490  497  507  502  482  465  483  492  535  762  754  749  773  800  761  789  784  794  748 
360  363  375  338  418  342  378  376  375  361  435  479  445  448  434  429  394  461  442  452  801  847  856  818  797  808  828  833  854  819  12   25   30   40   0    26   32   20   16   37   1040 1024 1016 1050 1019 1006 1019 1022 1018 1022 385  370  396  414  372  371  356  349  359  320  754  784  737  780  779  789  782  786  821  808  644  669  650  660  643  641  660  658  658  606  802  804  830  785  817  765  803  771  806  793  708  709  764  715  710  708  696  701  748  707  342  330  359  385  330  358  339  356  368  337  791  814  789  818  807  822  837  805  786  797  545  536  541  541  582  554  516  568  547  547  610  639  604  599  639  605  643  616  644  608  364  370  395  406  400  393  374  376  402  373  326  334  312  307  287  332  312  381  342  354  162  174  178  212  211  203  137  210  141  179  628  626  620  617  636  627  622  628  610  572  480  481  483  499  490  471  453  474  484  528  780  771  765  793  818  780  807  801  810  765 
371  375  385  348  429  355  389  388  385  371  455  498  464  468  453  448  414  481  462  471  802  848  856  819  798  809  829  834  856  820  37   2    27   21   26   0    34   6    38   13   1050 1035 1027 1060 1029 1016 1030 1034 1028 1033 412  396  422  440  398  398  382  376  385  347  768  800  753  794  793  804  796  803  836  823  661  686  666  677  661  658  678  675  675  623  799  801  829  783  814  762  801  768  804  789  702  703  759  709  704  701  690  695  743  700  367  356  384  411  356  384  365  382  393  363  809  834  807  836  825  840  856  823  804  815  552  544  548  550  589  560  523  575  554  553  633  663  629  623  662  630  666  640  668  632  363  371  397  406  399  397  373  373  401  372  311  317  296  291  270  316  295  365  326  341  172  183  187  220  218  210  149  220  150  194  648  647  642  637  657  648  644  650  631  591  496  498  503  515  508  488  471  490  500  544  781  773  767  792  818  780  807  802  812  766 
393  396  408  371  450  374  411  409  408  394  465  508  475  478  464  459  424  490  472  483  832  878  887  849  828  839  859  864  885  850  33   36   55   55   32   34   0    33   27   34   1072 1057 1048 1082 1051 1039 1052 1055 1051 1054 399  379  410  425  385  383  369  361  371  334  786  816  769  812  811  821  814  818  852  840  675  700  681  690  674  672  691  690  689  637  831  833  860  814  846  794  832  800  836  822  735  736  791  742  737  735  723  728  776  733  363  349  377  406  349  377  355  375  389  354  821  844  819  848  838  852  867  835  816  827  577  568  573  574  614  586  548  601  579  579  635  663  627  624  664  629  668  640  667  632  394  401  426  436  430  425  404  405  432  403  344  351  329  325  304  350  328  398  360  375  138  149  153  186  185  176  115  186  116  161  656  655  648  646  664  656  650  656  639  601  511  512  513  530  520  501  483  505  515  559  811  802  796  823  849  810  838  832  842  796 
367  370  381  344  425  350  385  383  381  367  450  493  458  462  448  443  408  475  456  465  799  846  854  816  796  806  827  831  853  818  32   5    23   22   20   6    33   0    33   19   1046 1030 1023 1056 1025 1012 1026 1029 1024 1029 406  390  416  435  392  392  376  370  380  341  763  795  748  789  788  799  792  797  831  818  656  681  661  672  655  653  672  669  669  618  797  800  827  781  813  761  799  767  802  788  701  702  758  708  703  701  689  694  742  699  361  350  378  405  350  378  360  376  387  357  804  828  802  830  820  835  850  818  798  810  548  540  544  546  585  557  519  572  550  550  627  657  623  617  656  624  660  634  662  626  361  368  395  403  397  394  371  371  399  370  312  319  297  293  272  317  297  366  328  342  171  183  186  220  219  210  148  220  150  192  642  641  636  632  651  642  638  644  625  586  491  492  497  510  503  483  465  485  495  539  778  770  764  790  816  778  805  800  810  764 
369  372  384  347  426  349  387  384  384  370  437  481  448  450  437  432  396  463  444  456  814  859  869  831  810  821  841  846  867  832  7    38   46   55   16   38   27   33   0    47   1048 1032 1024 1058 1027 1015 1027 1030 1026 1030 377  359  387  404  363  361  347  340  349  311  761  789  742  785  785  794  788  791  826  814  649  673  654  663  647  645  664  663  662  610  816  818  844  799  831  780  817  785  820  807  723  723  778  730  725  723  711  716  763  722  337  324  352  380  324  352  331  350  363  329  794  817  792  821  810  825  840  808  789  800  556  545  551  550  592  564  526  578  557  558  608  636  600  597  637  602  641  613  641  605  378  383  407  420  414  405  388  390  415  386  342  350  328  323  303  348  328  397  358  370  147  159  163  197  197  189  122  195  127  163  629  628  620  619  637  629  622  629  612  574  484  485  486  503  493  475  456  478  488  533  793  784  778  806  831  793  820  814  823  778 
