200
0    114  154  389  721  467  1013 267  743  808  724  137  834  697  114  921  537  759  777  390  541  1028 717  403  818  922  397  844  539  460  946  111  753  779  623  761  245  707  477  689  871  235  361  541  892  882  772  549  363  651  505  854  510  170  728  639  652  768  258  573  105  401  647  616  230  465  304  612  901  771  563  951  911  852  123  585  671  874  696  607  496  766  710  230  921  281  71   633  799  377  674  308  650  801  274  640  503  182  417  620  223  855  900  324  147  228  936  72   686  730  776  625  364  749  610  610  802  501  352  822  773  928  660  880  571  720  338  818  549  497  864  690  550  218  681  39   415  601  737  86   744  220  194  686  244  919  801  157  209  31   361  455  159  768  657  356  712  709  182  638  469  814  247  930  416  664  472  799  908  334  864  891  187  971  914  470  340  590  733  501  534  314  901  825  265  277  85   607  678  365  881  230  157  723  865  331  523  372  499  199 
114  0    61   276  612  358  898  187  632  727  611  177  721  590  166  809  422  700  673  304  468  913  605  289  703  808  342  735  427  354  831  119  638  713  546  651  146  604  373  581  799  183  283  448  782  795  657  482  251  614  470  771  459  144  619  541  542  677  149  514  72   308  575  504  178  427  190  497  789  699  474  836  851  773  69   476  573  787  631  577  464  680  597  258  812  369  181  537  728  310  568  247  554  738  251  538  461  155  314  588  111  749  787  216  179  117  827  186  573  615  663  563  424  638  522  552  692  436  282  727  671  813  559  780  498  609  298  711  440  393  750  596  494  319  571  124  367  495  633  43   678  207  209  596  350  804  687  94   222  127  258  376  56   654  552  404  609  656  286  523  410  699  350  821  301  562  460  735  838  340  788  802  76   860  801  459  432  478  620  444  438  280  849  739  346  198  200  505  595  357  812  190  187  609  759  344  449  301  384  185 
154  61   0    264  607  314  864  224  591  668  593  164  682  543  225  770  399  639  623  329  498  881  592  258  681  774  282  690  413  357  806  106  612  652  573  644  91   605  323  535  739  234  315  464  738  737  631  517  245  556  412  712  399  203  612  487  500  620  107  454  133  327  514  493  228  369  179  473  748  639  493  802  790  713  43   432  582  729  569  519  406  621  560  230  767  369  208  482  667  249  520  291  499  677  307  541  403  110  322  530  77   701  749  170  162  82   782  216  535  589  625  501  404  627  464  590  648  472  319  672  620  788  507  728  528  567  347  664  396  343  729  540  534  331  563  174  412  493  583  67   617  163  179  539  366  779  655  43   190  174  268  316  94   619  552  379  612  596  301  500  449  675  363  777  273  567  408  674  777  297  728  745  92   818  763  408  434  469  602  484  450  332  788  681  342  234  235  453  535  308  752  136  248  575  711  304  388  337  356  244 
389  276  264  0    343  192  642  201  402  635  335  427  481  395  395  567  156  681  488  183  330  651  329  92   430  553  405  524  151  113  560  370  371  669  383  380  218  347  242  382  731  266  210  245  564  676  389  365  32   665  546  670  498  305  348  402  327  551  177  523  302  156  531  229  265  506  85   229  557  643  279  583  815  685  308  277  336  668  601  646  546  574  355  481  595  633  457  406  669  356  378  254  424  702  339  287  524  355  106  651  188  554  543  166  425  185  608  461  340  347  423  552  658  363  429  446  471  335  236  582  500  542  402  608  356  389  322  509  250  254  476  467  405  592  299  389  340  233  450  314  639  399  432  485  625  532  428  298  440  394  93   359  232  406  292  628  356  660  560  252  334  427  624  600  81   313  585  700  772  518  706  672  201  629  555  587  698  204  344  365  221  329  838  628  606  200  474  353  511  510  753  353  386  357  561  532  425  239  135  331 
721  612  607  343  0    419  458  476  379  767  119  771  396  452  700  449  251  881  525  368  348  442  74   382  200  391  705  497  201  261  317  713  223  849  320  43   557  71   469  439  875  538  412  241  508  768  224  387  362  923  832  785  770  599  15   542  381  661  518  771  623  343  734  122  540  799  427  214  469  814  248  419  983  814  651  395  141  761  805  918  837  703  325  823  535  976  791  555  832  658  453  484  565  885  578  111  806  697  307  919  532  552  424  489  768  529  539  794  344  212  360  780  1000 60   612  438  442  401  437  657  557  303  518  634  348  398  524  505  403  466  220  596  442  931  49   713  485  121  506  653  828  739  774  632  963  289  297  641  781  720  361  625  562  324  76   967  87   883  899  189  430  216  963  528  362  106  894  884  913  849  839  751  536  526  428  896  1041 141  121  438  223  545  1029 740  950  469  804  497  680  834  904  690  676  294  551  865  669  423  304  608 
467  358  314  192  419  0    557  371  278  442  352  447  370  232  515  457  168  498  319  375  516  579  371  102  412  468  290  377  232  284  521  402  331  482  559  442  226  453  55   223  539  429  400  416  424  486  350  553  217  509  414  478  352  447  416  212  185  361  209  359  413  348  347  299  426  381  215  217  434  453  450  494  627  493  351  118  469  478  419  500  418  381  253  464  454  646  521  215  478  246  211  435  232  516  508  411  387  353  294  502  246  394  437  143  439  240  469  530  224  311  315  377  631  410  238  633  334  526  424  397  324  504  217  434  540  252  505  354  82   63   461  276  596  628  370  483  530  349  280  381  453  376  424  293  666  498  356  325  426  484  284  207  339  313  399  592  467  485  605  247  526  400  662  463  110  435  479  514  580  458  514  484  307  504  452  481  711  288  359  557  387  507  655  436  615  374  550  165  319  432  562  325  520  274  403  477  257  429  117  482 
1013 898  864  642  458  557  0    837  284  596  359  1004 193  371  1037 121  486  772  352  765  797  48   398  609  259  90   801  258  515  633  155  958  278  719  777  426  781  528  569  370  689  904  808  679  216  542  263  839  674  895  874  585  801  948  443  490  377  502  757  763  940  733  672  471  904  859  717  414  165  680  696  62   806  624  905  445  600  540  721  916  884  551  304  1017 216  1202 1073 505  683  770  392  873  500  750  967  562  846  910  678  909  790  304  129  697  996  784  204  1080 332  301  243  739  1175 397  573  895  257  844  836  453  387  163  452  375  802  317  930  292  480  552  241  496  894  1186 454  1021 912  539  373  928  716  930  980  535  1223 177  214  880  980  1025 713  694  866  244  525  1133 542  807  1161 397  868  246  1219 197  598  563  967  749  714  992  646  513  833  149  114  970  1266 495  352  882  654  945  875  550  1170 834  1098 482  591  956  720  880  1028 289  292  1013 689  829  515  971 
267  187  224  201  476  371  837  0    603  801  506  364  682  592  224  767  353  814  683  123  280  842  488  271  608  749  481  724  325  218  742  307  561  814  360  519  254  452  410  580  889  66   96   275  765  854  577  294  168  759  620  840  594  122  486  582  526  729  224  637  161  138  673  388  67   577  156  422  758  794  297  779  959  851  253  472  409  846  738  728  617  745  556  446  796  546  337  583  821  439  573  73   601  844  139  384  606  334  170  737  196  753  742  271  367  199  809  336  541  537  623  677  611  514  590  366  672  248  95   768  692  725  588  802  310  590  141  708  442  426  651  644  309  485  443  248  192  355  645  229  781  387  396  656  510  713  624  267  409  257  124  478  133  605  406  592  454  780  449  440  224  610  513  801  271  406  629  842  929  521  869  854  133  830  755  629  606  361  515  260  272  138  970  802  527  11   340  536  671  532  907  359  200  556  760  527  552  114  337  135 
743  632  591  402  379  278  284  603  0    406  261  723  92   102  781  178  258  552  148  559  643  313  305  346  240  200  518  130  315  431  291  680  166  508  652  373  504  445  285  95   513  668  598  523  163  393  175  686  434  643  602  416  529  701  367  225  93   298  485  500  681  527  425  315  667  583  464  210  158  469  549  222  628  449  630  162  499  386  486  656  611  345  57   733  195  919  799  241  482  486  118  653  241  543  740  443  573  629  467  651  521  177  159  421  715  515  206  808  61   168  45   486  890  333  310  757  73   676  626  282  183  278  188  255  657  36   718  129  198  268  276  254  738  906  345  756  718  394  138  657  495  647  696  295  944  278  125  603  697  759  487  412  606  71   412  848  462  572  883  214  690  218  939  198  339  457  690  542  548  707  473  373  572  229  174  693  983  328  261  713  492  728  683  371  887  602  827  204  351  673  544  597  780  84   179  729  416  623  266  730 
808  727  668  635  767  442  596  801  406  0    658  720  447  316  893  480  564  184  264  818  953  642  698  544  646  548  426  344  637  720  674  706  571  126  987  770  583  825  394  329  108  851  842  845  380  92   581  992  659  345  400  47   343  852  758  238  386  107  594  276  797  791  171  675  848  413  646  562  434  91   878  553  221  50   686  388  865  87   165  384  413  65   449  678  382  859  835  230  87   434  314  870  215  154  933  805  379  634  736  371  632  293  482  534  708  627  396  848  425  569  443  224  773  730  211  1072 372  968  864  143  226  665  252  227  975  378  941  314  398  380  680  176  1037 882  726  838  972  747  268  729  135  618  667  149  921  669  527  652  659  835  726  353  733  476  782  728  842  236  874  581  968  624  910  401  553  825  499  153  146  596  72   118  706  456  495  503  909  677  660  999  814  939  281  49   826  806  872  288  132  548  137  586  913  485  304  617  287  871  533  892 
724  611  593  335  119  352  359  506  261  658  0    753  278  341  722  335  199  782  409  416  438  352  45   344  105  284  643  378  185  289  239  698  104  746  424  112  529  188  395  328  766  571  460  319  389  653  107  480  362  838  761  673  695  625  106  441  275  551  493  687  635  386  639  118  572  731  420  135  352  709  337  313  877  703  637  302  252  647  708  839  766  594  210  793  417  960  792  455  726  598  345  529  463  782  625  206  734  670  337  838  516  433  310  452  748  511  421  796  232  94   241  689  968  72   516  539  323  484  488  543  443  222  413  515  443  283  580  387  317  389  145  490  535  924  97   723  555  180  393  648  727  706  747  528  958  209  179  622  752  729  382  553  566  205  169  932  205  789  894  104  509  113  957  411  326  212  831  781  803  804  728  635  536  412  315  834  1025 145  9    522  294  598  925  627  931  500  809  400  579  783  795  655  705  177  432  822  588  478  250  641 
137  177  164  427  771  447  1004 364  723  720  753  0    816  661  252  902  555  649  731  481  644  1025 754  411  837  915  295  808  576  520  958  59   764  675  723  808  226  769  441  655  772  350  460  623  858  801  783  658  409  526  382  767  399  294  776  582  630  695  259  465  217  483  552  656  344  345  343  628  875  672  650  941  799  760  121  561  744  793  592  479  372  685  699  93   885  206  123  573  700  288  637  419  589  693  403  705  384  95   484  493  239  809  883  310  12   242  902  137  671  741  761  520  247  789  537  725  773  610  457  755  720  940  609  822  675  695  461  779  525  460  885  624  666  182  726  176  535  658  692  134  641  103  60   613  221  932  800  130  74   168  429  375  233  760  716  229  776  594  162  657  583  829  215  897  428  730  338  691  807  198  770  814  247  943  898  337  272  632  762  616  611  440  782  743  178  375  161  559  595  232  778  137  294  719  821  193  433  477  509  328 
834  721  682  481  396  370  193  682  92   447  278  816  0    179  868  87   330  609  183  628  695  225  323  434  220  113  608  111  378  497  227  772  174  560  694  381  596  467  378  178  550  748  669  574  111  415  172  738  514  715  685  447  612  785  383  302  186  343  575  578  768  596  494  359  747  668  548  270  79   521  597  131  667  483  721  255  529  410  549  732  694  391  126  825  139  1012 891  318  529  577  200  728  314  594  818  478  656  721  537  726  610  170  66   512  808  605  144  899  147  188  58   558  982  342  387  804  76   733  697  309  222  218  264  256  706  124  790  134  291  360  242  317  792  998  372  845  785  438  193  748  552  739  789  358  1036 222  101  695  790  848  563  501  693  81   444  940  483  636  975  264  751  197  1031 134  425  488  776  593  581  798  507  390  660  149  82   779  1075 378  275  771  544  802  728  406  980  681  918  290  415  763  581  689  864  129  165  820  499  693  347  812 
697  590  543  395  452  232  371  592  102  316  341  661  179  0    748  254  277  452  92   569  676  405  381  322  337  293  432  147  346  450  393  622  257  410  697  454  452  513  221  14   424  654  603  559  197  318  269  718  426  541  505  332  432  678  443  123  77   209  440  400  646  538  323  368  652  488  441  254  219  372  589  311  535  362  578  120  558  311  385  555  514  252  134  660  225  849  747  140  387  404  23   650  139  446  731  500  476  565  478  550  479  161  241  373  651  473  241  757  109  253  147  384  810  414  209  793  116  702  629  209  112  380  86   214  694  67   718  121  152  201  376  154  768  842  413  714  730  445  59   610  395  576  628  194  881  380  227  548  626  715  487  324  572  172  473  767  530  470  822  270  711  316  875  236  321  517  596  444  461  624  386  304  539  283  257  599  911  375  343  737  528  724  587  287  816  593  778  111  250  587  454  528  752  171  170  646  319  630  265  711 
114  166  225  395  700  515  1037 224  781  893  722  252  868  748  0    955  551  859  834  343  472  1047 708  434  822  947  497  891  538  440  954  221  767  874  554  742  312  676  536  738  963  169  305  494  937  961  785  471  365  759  613  937  613  102  710  706  695  843  311  672  101  361  738  607  166  572  319  625  939  863  512  976  1010 938  212  631  630  953  792  717  605  846  741  344  967  370  158  702  891  470  727  239  720  898  179  608  609  287  393  730  271  909  932  378  261  277  982  149  721  743  809  722  470  736  688  524  845  424  288  893  834  937  722  943  499  761  249  869  596  556  866  762  464  295  666  75   327  579  794  167  840  330  308  762  311  926  823  246  323  84   342  541  176  796  631  466  677  812  259  647  389  822  318  975  442  629  585  896  1001 449  953  968  209  1011 945  584  422  580  732  417  494  223  1004 905  361  232  141  668  761  479  975  333  46   749  918  445  612  308  522  109 
921  809  770  567  449  457  121  767  178  480  335  902  87   254  955  0    414  652  231  709  766  163  379  521  256  78   686  137  457  577  212  859  235  600  759  427  683  521  462  255  575  833  750  645  101  431  228  809  600  773  755  471  681  872  435  370  272  383  663  642  856  677  551  430  833  741  636  350  46   561  666  73   693  509  808  341  588  428  600  795  765  431  213  909  110  1097 978  386  566  657  277  811  379  632  902  541  726  807  618  787  698  187  26   600  894  692  105  986  235  254  146  617  1063 391  453  872  138  807  779  337  266  210  333  264  775  207  872  171  377  444  261  375  863  1084 432  933  863  506  252  836  596  824  874  414  1123 219  158  782  874  936  647  578  781  162  505  1020 537  686  1061 341  827  235  1117 95   512  548  848  631  603  878  532  404  747  76   22   852  1159 451  330  845  617  885  760  434  1064 765  1005 366  470  841  607  774  951  211  176  900  570  773  434  898 
537  422  399  156  251  168  486  353  258  564  199  555  330  277  551  414  0    650  368  301  399  495  209  145  282  397  454  386  73   174  409  502  217  626  424  276  330  286  219  263  669  419  340  284  421  586  235  441  188  675  581  591  520  461  250  326  200  466  296  525  456  269  500  131  419  547  234  75   408  593  315  427  767  614  442  176  309  579  572  668  585  499  206  594  453  762  602  336  616  407  266  397  350  661  487  249  555  471  209  670  321  425  390  252  550  316  464  608  198  193  272  538  768  248  381  516  331  425  368  482  389  391  313  490  418  253  460  377  169  219  330  388  490  729  202  541  460  187  336  457  601  506  547  417  765  381  272  425  553  545  232  375  383  252  233  732  300  644  700  101  436  277  762  455  127  272  643  659  709  607  637  577  351  479  401  645  827  122  208  461  252  471  804  546  733  351  623  276  457  587  695  456  542  203  429  624  422  365  53   485 
759  700  639  681  881  498  772  814  552  184  782  649  609  452  859  652  650  0    426  857  1011 816  817  589  789  716  362  515  722  782  835  649  708  59   1057 891  568  931  443  462  150  853  872  915  556  269  721  1046 698  176  278  216  250  839  874  340  507  269  591  186  772  835  151  775  848  307  668  667  607  93   949  724  151  183  646  486  959  266  79   224  291  221  584  587  561  751  771  326  101  389  442  886  319  49   933  899  268  577  787  209  625  469  652  544  637  620  577  785  555  701  594  138  647  853  270  1127 533  1014 891  322  388  825  370  410  1036 518  955  482  482  437  827  298  1085 789  835  794  999  838  417  691  57   547  590  257  825  827  677  613  579  789  764  335  720  623  881  604  946  65   788  692  1008 768  813  580  603  922  365  48   172  488  174  298  699  636  666  369  792  771  785  1042 885  948  157  233  720  821  809  383  203  440  142  529  887  621  481  507  262  901  608  880 
777  673  623  488  525  319  352  683  148  264  409  731  183  92   834  231  368  426  0    662  767  393  452  413  384  290  480  95   436  542  411  696  314  376  785  521  532  589  299  106  369  745  696  649  145  244  322  809  519  542  531  269  458  767  514  155  168  159  523  414  732  631  320  451  743  522  532  339  187  337  678  300  486  304  656  211  640  238  370  565  542  208  200  721  164  911  824  168  346  460  110  742  157  410  822  582  503  635  571  557  563  78   227  456  721  557  181  834  185  316  180  386  861  481  229  883  107  794  722  134  38   401  122  121  784  128  811  60   242  279  415  144  859  911  489  796  823  530  40   691  369  641  693  183  950  405  264  625  690  797  580  374  659  214  553  817  606  456  893  351  803  362  943  180  412  598  628  409  403  674  328  225  626  234  242  631  971  461  409  829  618  817  545  226  878  685  856  172  239  633  400  595  840  232  90   696  351  723  358  800 
390  304  329  183  368  375  765  123  559  818  416  481  628  569  343  709  301  857  662  0    171  764  391  274  521  680  553  688  252  132  655  423  487  849  244  411  333  335  424  556  914  174  44   152  722  859  501  196  160  825  695  853  658  241  379  585  496  734  294  692  285  32   709  298  177  653  195  359  707  824  173  710  995  868  364  454  287  851  779  800  694  757  507  557  754  668  461  590  850  507  554  116  607  882  211  268  678  439  92   807  279  724  683  319  483  281  765  460  499  463  572  725  728  412  611  275  632  158  72   763  678  638  584  783  201  553  165  676  431  437  560  650  228  609  341  372  160  248  627  347  819  491  507  669  634  625  556  372  519  381  93   528  248  548  294  706  335  832  573  369  151  526  637  756  265  288  718  880  955  623  889  854  237  778  694  718  729  271  425  184  152  182  1015 811  648  113  464  536  693  627  935  455  313  499  729  632  598  64   304  242 
541  468  498  330  348  516  797  280  643  953  438  644  695  676  472  766  399  1011 767  171  0    786  399  421  539  721  721  774  330  233  664  587  531  997  82   387  504  288  569  662  1054 308  184  121  800  984  541  42   316  990  864  984  823  376  362  716  599  861  464  853  437  183  860  336  312  822  362  433  774  969  101  751  1143 1004 531  572  217  976  931  967  862  890  586  725  831  823  610  723  994  674  666  235  738  1031 302  237  845  609  223  974  450  818  740  484  647  452  839  606  588  511  644  882  891  405  754  118  716  59   189  881  788  649  708  887  30   646  231  769  556  579  566  780  97   757  343  517  164  259  735  510  968  661  674  804  778  635  607  541  687  526  254  688  412  614  274  872  280  990  720  432  96   551  783  829  408  243  888  1029 1095 793  1026 975  405  840  747  889  881  317  445  92   151  258  1168 941  805  269  606  665  835  798  1077 626  432  569  821  802  755  169  421  363 
1028 913  881  651  442  579  48   842  313  642  352  1025 225  405  1047 163  495  816  393  764  786  0    386  624  247  113  832  301  517  633  127  977  281  763  762  407  800  510  595  403  735  909  808  670  262  589  264  827  682  935  910  631  837  956  427  526  404  546  774  801  951  733  713  467  909  893  729  422  209  724  685  94   853  670  923  471  583  586  763  955  919  595  326  1042 263  1225 1089 542  728  799  426  875  537  795  969  549  881  932  679  948  806  349  167  716  1018 801  251  1096 356  305  269  778  1203 382  611  880  294  835  836  499  429  139  488  422  789  347  929  335  505  579  222  536  882  1206 442  1034 907  531  412  944  760  954  1003 576  1243 153  226  900  1004 1038 718  725  878  265  512  1161 524  850  1180 402  860  238  1239 244  612  548  1001 794  761  1021 692  560  845  197  152  1004 1290 493  344  873  646  946  921  596  1194 838  1113 515  632  986  767  904  1036 306  338  1042 724  827  528  977 
717  605  592  329  74   371  398  488  305  698  45   754  323  381  708  379  209  817  452  391  399  386  0    351  139  325  661  423  178  269  268  697  149  783  382  74   533  143  418  368  806  552  435  284  434  695  152  441  353  867  784  714  719  609  62   476  313  591  496  715  624  362  672  101  554  752  415  156  397  747  298  354  915  744  636  333  208  689  742  865  789  633  252  799  462  960  786  490  764  615  383  506  499  819  601  164  757  674  317  865  515  478  354  459  750  511  466  789  272  138  286  720  975  39   549  497  368  448  462  585  485  252  450  560  404  325  553  431  345  413  170  528  496  921  56   713  523  146  434  644  763  712  751  564  954  238  224  623  758  719  366  576  558  250  127  940  160  821  890  127  474  152  954  456  332  168  850  817  843  816  768  678  529  456  359  852  1026 128  49   486  260  572  962  668  932  482  801  433  614  797  835  662  688  220  477  833  614  451  262  623 
403  289  258  92   382  102  609  271  346  544  344  411  434  322  434  521  145  589  413  274  421  624  351  0    425  519  330  460  181  196  548  358  354  577  471  413  185  402  150  310  639  332  298  330  504  588  373  457  115  580  467  580  415  357  384  314  261  463  152  435  334  248  439  260  330  429  119  217  505  550  364  547  723  594  300  202  404  580  510  564  469  483  308  448  535  617  465  317  576  282  303  333  335  610  410  349  444  326  197  568  181  483  499  108  406  176  548  472  287  331  375  461  624  389  337  538  411  427  322  498  421  530  318  530  447  328  404  440  171  163  474  378  497  587  334  412  428  290  374  320  547  361  402  395  623  522  398  281  407  415  182  272  259  365  346  589  413  570  559  246  425  418  620  541  20   375  517  608  680  466  615  586  226  576  512  518  682  242  353  457  303  407  746  539  588  273  488  267  419  451  661  311  434  319  491  483  335  327  98   389 
818  703  681  430  200  412  259  608  240  646  105  837  220  337  822  256  282  789  384  521  539  247  139  425  0    192  698  330  284  393  134  784  85   747  518  172  610  271  447  327  753  674  566  423  328  627  69   580  458  867  805  654  735  726  185  453  289  539  578  718  732  491  655  223  675  778  513  208  282  709  438  219  868  688  724  335  341  621  720  873  811  585  205  870  352  1043 884  468  722  656  347  634  472  783  730  303  776  750  441  870  603  389  232  529  831  599  353  889  236  101  204  712  1041 139  535  635  283  587  593  518  421  116  420  474  543  271  686  348  360  436  48   491  635  1012 195  819  660  284  378  739  733  782  825  531  1047 104  122  707  830  824  484  600  661  170  266  1003 286  805  983  180  613  23   1045 342  409  304  883  781  787  870  712  605  631  332  234  885  1108 250  97   625  399  704  923  610  1013 604  903  420  586  844  784  730  807  168  385  889  623  583  327  744 
922  808  774  553  391  468  90   749  200  548  284  915  113  293  947  78   397  716  290  680  721  113  325  519  192  0    719  203  428  547  134  868  193  666  707  364  691  463  482  290  647  815  722  602  176  505  181  763  585  828  798  543  725  859  376  415  290  448  667  691  850  648  606  390  815  781  627  326  120  627  620  30   765  581  814  358  532  501  660  846  807  497  215  929  188  1114 982  431  633  686  313  786  428  699  880  489  769  821  592  840  699  258  66   607  907  694  183  990  244  216  156  671  1090 331  500  823  186  766  751  407  328  132  377  339  728  234  845  235  392  466  189  429  818  1096 380  931  829  462  304  838  659  842  891  470  1134 141  125  791  892  934  625  612  775  154  453  1048 478  746  1071 310  788  174  1129 173  507  493  889  698  676  907  604  478  742  146  56   892  1178 413  277  804  575  859  829  504  1082 746  1007 402  527  873  678  792  939  199  249  928  612  744  425  882 
397  342  282  405  705  290  801  481  518  426  643  295  608  432  497  686  454  362  480  553  721  832  661  330  698  719  0    569  508  518  795  288  614  382  783  730  226  731  250  431  477  508  556  650  621  510  632  749  409  277  142  473  116  485  704  325  430  412  260  175  414  538  257  583  503  101  358  507  651  377  683  740  514  465  284  368  734  502  299  248  141  396  515  253  644  441  414  312  405  48   409  553  325  403  586  680  125  215  505  256  285  557  672  239  283  281  661  427  482  596  563  227  380  700  260  828  549  710  569  476  461  779  359  553  750  484  618  536  339  262  745  352  778  456  656  431  673  620  446  330  348  192  241  332  495  775  624  251  233  427  466  107  370  574  675  336  743  315  448  538  696  683  486  659  350  706  189  401  513  193  475  525  354  710  688  191  496  567  650  731  626  607  507  452  408  490  451  320  305  155  485  167  526  544  569  215  143  583  401  526 
844  735  690  524  497  377  258  724  130  344  378  808  111  147  891  137  386  515  95   688  774  301  423  460  330  203  569  0    446  560  332  770  275  463  781  485  600  566  368  155  444  788  725  653  51   305  277  816  556  637  626  340  553  817  484  245  198  245  586  510  790  656  415  443  787  615  579  340  92   424  679  209  562  377  725  260  624  300  463  660  636  294  187  805  77   994  895  260  430  546  170  778  251  496  863  569  598  712  595  652  624  59   138  520  799  618  93   904  188  284  137  482  950  446  324  887  57   807  752  203  129  325  210  144  788  135  844  35   295  349  353  240  869  990  468  860  847  523  124  757  459  722  774  278  1029 330  209  696  772  862  613  462  715  172  537  906  583  549  970  343  820  307  1022 89   456  582  722  495  473  763  401  279  682  141  151  725  1055 458  376  843  622  853  626  300  962  725  925  252  334  723  475  675  894  208  54   785  445  751  389  848 
539  427  413  151  201  232  515  325  315  637  185  576  378  346  538  457  73   722  436  252  330  517  178  181  284  428  508  446  0    119  417  519  237  699  352  234  357  223  286  332  742  392  294  213  476  659  253  373  176  741  640  664  582  442  203  400  269  539  319  591  449  220  571  80   392  604  236  108  457  667  243  459  841  687  457  249  238  651  643  731  643  573  260  623  507  782  608  409  689  460  337  358  423  734  452  179  616  498  163  733  336  488  431  288  572  333  517  612  258  213  322  607  800  213  453  447  389  361  322  554  459  399  386  557  347  316  416  439  242  288  328  461  424  743  153  538  407  117  405  465  673  538  575  491  776  388  304  445  582  543  200  437  381  297  168  767  236  714  711  117  375  285  775  507  161  203  696  732  782  648  710  648  352  527  442  698  847  60   194  397  181  430  876  619  754  321  624  350  530  633  768  489  523  249  492  664  489  316  115  461 
460  354  357  113  261  284  633  218  431  720  289  520  497  450  440  577  174  782  542  132  233  633  269  196  393  547  518  560  119  0    527  462  354  766  275  302  326  249  338  436  821  283  175  134  593  752  369  272  116  775  658  751  609  340  270  482  374  629  284  631  361  101  630  170  284  618  180  227  576  737  168  578  911  770  399  340  227  744  702  757  659  657  377  583  625  722  531  489  762  469  437  241  505  800  336  184  636  457  48   762  287  599  551  279  519  285  635  533  371  331  441  657  759  296  522  351  504  252  203  651  561  510  475  663  256  427  297  551  323  347  434  546  319  673  225  451  288  141  508  397  738  504  532  570  703  498  424  395  541  459  99   468  302  416  197  731  255  765  639  237  261  397  704  625  179  209  698  798  861  627  792  744  278  646  561  699  786  143  298  287  108  312  939  708  697  212  542  432  602  621  844  460  419  368  604  640  531  197  189  353 
946  831  806  560  317  521  155  742  291  674  239  958  227  393  954  212  409  835  411  655  664  127  268  548  134  134  795  332  417  527  0    906  194  787  637  282  731  385  547  386  775  808  700  551  309  636  174  705  590  934  889  672  817  860  303  516  367  570  700  791  863  625  715  357  809  868  642  333  254  748  564  146  893  709  849  426  458  632  774  947  898  619  280  984  323  1162 1011 532  757  757  409  768  532  821  864  426  861  868  575  942  729  389  199  648  952  724  317  1017 314  217  245  777  1152 258  602  755  303  715  727  535  449  17   479  472  666  327  819  360  457  534  98   541  759  1135 323  949  792  415  418  866  778  896  942  582  1171 29   171  829  945  954  617  692  791  225  390  1113 398  860  1107 308  742  133  1169 307  533  424  974  820  805  976  733  610  760  276  191  977  1227 384  230  753  529  837  955  632  1132 738  1032 493  639  946  807  845  940  250  381  996  704  717  449  878 
111  119  106  370  713  402  958  307  680  706  698  59   772  622  221  859  502  649  696  423  587  977  697  358  784  868  288  770  519  462  906  0    712  671  666  750  177  711  401  615  765  298  403  564  819  783  732  602  351  539  393  752  400  246  718  551  587  672  206  463  168  424  542  599  292  354  286  575  834  664  591  895  801  748  62   518  685  775  587  496  385  667  653  140  848  262  130  543  692  272  599  365  560  691  356  646  392  72   425  509  182  775  839  261  60   186  863  142  626  689  716  516  305  733  514  671  732  555  402  730  688  889  576  793  618  653  411  742  482  420  832  598  612  229  669  149  483  599  657  78   636  109  93   590  266  880  751  77   108  142  370  354  175  713  657  284  718  598  203  603  528  777  262  858  374  671  364  689  801  232  759  794  188  902  854  363  328  575  707  562  552  391  789  725  236  318  166  524  577  258  773  121  259  671  786  232  419  421  457  284 
753  638  612  371  223  331  278  561  166  571  104  764  174  257  767  235  217  708  314  487  531  281  149  354  85   193  614  275  237  354  194  712  0    668  524  210  537  293  363  246  679  628  530  410  285  559  19   574  402  782  719  582  649  675  209  369  204  463  506  633  673  455  572  197  628  693  451  142  248  630  431  224  792  614  655  250  356  553  638  788  726  509  123  792  313  969  818  385  644  573  266  595  390  704  689  306  691  675  400  785  535  331  209  454  758  530  317  824  152  24   139  628  962  170  451  637  222  574  558  448  350  176  337  415  539  193  652  286  275  352  131  411  628  941  199  758  635  271  303  672  652  704  749  450  977  168  77   635  753  762  436  515  600  103  271  923  309  721  913  120  595  69   974  307  339  314  798  702  714  789  639  539  568  310  216  801  1034 219  101  612  383  667  845  537  938  557  839  335  505  762  709  653  755  86   329  808  538  551  256  696 
779  713  652  669  849  482  719  814  508  126  746  675  560  410  874  600  626  59   376  849  997  763  783  577  747  666  382  463  699  766  787  671  668  0    1040 857  575  902  428  421  101  857  867  897  502  209  680  1034 689  231  317  157  278  848  842  306  470  218  595  210  784  825  141  747  853  341  664  637  554  39   931  672  145  124  662  456  934  207  83   277  330  169  544  619  506  789  796  294  42   404  402  886  284  36   938  874  303  598  775  262  630  414  601  543  663  625  521  809  517  663  549  155  691  818  245  1115 484  1005 887  266  338  777  332  353  1022 476  955  431  457  419  784  257  1075 823  805  812  996  813  371  707  34   572  618  218  860  780  632  628  608  808  756  339  728  579  854  647  918  118  820  660  1001 726  849  525  590  896  410  34   132  525  118  239  705  580  614  413  834  745  749  1033 867  951  179  175  758  821  834  353  169  477  103  550  900  581  426  545  265  896  587  889 
623  546  573  383  320  559  777  360  652  987  424  723  694  697  554  759  424  1057 785  244  82   762  382  471  518  707  783  781  352  275  637  666  524  1040 0    355  572  252  613  682  1091 390  264  142  803  1011 531  94   374  1048 926  1015 881  459  335  749  619  891  531  906  518  249  906  337  395  884  427  445  772  1010 109  736  1184 1037 608  600  179  1003 978  1028 925  923  595  802  833  904  692  758  1034 736  689  317  772  1075 384  218  906  683  279  1033 521  830  733  544  725  522  839  689  601  507  647  932  970  380  795  118  724  136  271  905  809  623  737  903  56   660  313  781  589  621  540  812  138  839  327  599  242  258  756  589  1012 735  751  839  861  609  601  616  763  608  319  742  490  615  254  950  240  1041 803  438  174  533  866  829  455  214  956  1073 1131 866  1060 1000 481  835  739  957  963  324  430  158  173  340  1214 971  886  349  689  699  874  869  1115 698  515  573  831  876  807  250  455  445 
761  651  644  380  43   442  426  519  373  770  112  808  381  454  742  427  276  891  521  411  387  407  74   413  172  364  730  485  234  302  282  750  210  857  355  0    591  103  490  441  878  580  455  283  492  766  208  426  400  941  855  785  791  641  32   551  386  663  552  789  664  386  747  153  582  823  465  229  450  821  289  391  988  816  688  407  176  759  817  938  860  706  322  857  518  1013 831  565  838  684  457  527  573  893  621  152  829  732  349  938  568  542  403  521  805  565  521  834  344  205  350  795  1034 40   624  473  432  441  480  655  555  268  524  625  386  395  567  497  419  486  185  601  480  970  81   754  527  164  505  692  837  772  809  639  1002 254  280  678  816  761  402  647  602  314  119  1001 116  896  938  201  472  192  1002 510  393  144  920  891  915  880  840  747  575  504  405  922  1078 175  111  478  266  588  1036 740  986  511  844  508  689  863  908  723  719  289  540  897  688  466  329  650 
245  146  91   218  557  226  781  254  504  583  529  226  596  452  312  683  330  568  532  333  504  800  533  185  610  691  226  600  357  326  731  177  537  575  572  591  0    566  232  445  659  285  332  448  648  649  556  529  210  504  367  626  339  272  561  396  412  531  42   386  214  322  435  438  280  324  147  402  660  560  480  718  717  629  125  343  553  641  495  473  363  534  476  265  677  432  295  391  588  185  430  327  409  603  365  506  352  141  301  482  58   610  663  84   221  55   693  305  450  514  540  430  442  570  376  607  560  488  343  582  528  713  415  636  533  478  392  574  307  252  659  450  554  405  511  265  446  452  492  158  541  181  218  450  443  705  574  99   224  265  253  236  153  536  510  410  575  530  380  431  471  603  439  687  203  531  384  600  698  301  645  656  130  729  678  385  497  416  538  506  429  382  721  593  402  263  325  362  450  297  673  134  329  494  620  314  310  358  283  313 
707  604  605  347  71   453  528  452  445  825  188  769  467  513  676  521  286  931  589  335  288  510  143  402  271  463  731  566  223  249  385  711  293  902  252  103  566  0    506  499  933  509  377  193  578  830  295  326  361  962  864  845  805  574  86   595  439  721  524  811  606  314  782  156  512  828  427  265  540  867  193  490  1039 873  648  445  73   823  853  954  867  760  390  828  606  972  779  608  887  683  511  449  619  938  541  67   839  702  290  955  533  620  496  505  768  531  610  780  406  281  428  823  1006 131  660  370  510  344  400  720  620  371  574  700  285  461  481  572  448  505  288  652  379  922  100  696  435  113  568  646  879  747  778  686  952  357  368  643  787  704  346  659  551  393  56   975  17   928  888  244  376  288  953  599  382  48   918  936  972  864  897  814  527  598  500  920  1036 165  192  380  183  505  1081 799  947  443  788  548  732  852  961  700  648  360  619  878  708  384  336  578 
477  373  323  242  469  55   569  410  285  394  395  441  378  221  536  462  219  443  299  424  569  595  418  150  447  482  250  368  286  338  547  401  363  428  613  490  232  506  0    214  489  464  447  471  418  444  382  606  265  456  366  432  301  476  466  173  192  319  225  305  435  399  292  351  461  335  253  262  435  401  505  506  574  445  357  124  524  435  364  449  371  335  270  447  446  634  526  173  426  210  198  477  191  462  545  465  339  345  346  450  264  377  444  158  432  258  462  536  239  345  326  322  608  457  186  686  332  577  470  361  297  531  186  407  593  255  547  341  91   19   495  234  647  623  420  497  577  403  259  391  399  361  411  247  662  526  378  327  411  497  332  158  363  331  452  567  520  430  602  292  576  433  656  457  161  489  437  460  530  428  465  444  332  502  460  439  697  341  402  607  442  548  600  392  602  414  557  132  268  399  511  311  546  297  387  449  203  476  170  512 
