200
0    751  769  586  547  996  261  953  311  655  562  107  662  870  493  678  427  924  819  820  705  798  867  126  919  973  712  687  440  707  824  404  1004 644  622  180  393  767  1012 311  458  477  330  334  882  144  1071 531  948  261  30   786  591  226  264  573  1000 507  419  1039 409  921  657  773  394  760  634  357  134  595  532  839  669  171  319  35   331  815  849  317  915  143  758  607  851  883  230  907  947  527  933  331  922  141  559  884  531  728  568  1007 531  625  962  792  436  1034 540  448  761  769  966  890  169  397  711  1128 168  674  911  917  335  899  947  837  567  425  571  853  614  690  840  375  842  416  647  831  845  1058 567  839  539  298  897  979  537  1062 695  271  719  85   819  1032 48   611  648  187  940  630  889  776  520  697  1094 563  1007 439  202  373  358  932  233  556  578  390  918  209  721  653  555  922  484  633  499  249  944  886  1102 662  1126 640  736  901  768  722  948  530  688  554  268  209 
751  0    805  534  229  252  569  235  512  473  201  663  211  165  258  74   536  594  360  671  538  702  744  625  633  686  494  552  833  266  442  388  410  146  204  697  542  306  350  491  397  559  466  894  451  672  333  611  294  880  749  37   261  777  552  241  496  827  410  406  552  290  587  574  409  563  152  609  618  699  327  727  96   598  532  735  424  93   848  465  576  810  597  260  611  163  762  377  200  469  189  613  369  664  197  133  515  114  800  335  232  244  844  406  369  311  454  558  435  787  221  317  610  508  209  394  585  114  362  334  635  587  861  345  362  628  241  489  416  672  780  398  470  439  478  242  109  341  621  88   224  696  815  425  488  377  488  837  728  667  588  438  718  140  158  613  468  457  386  205  364  60   409  188  901  797  688  583  416  516  687  292  538  361  646  568  251  517  416  225  411  397  365  677  431  134  398  603  407  241  714  407  51   400  418  455  112  647  819  573 
769  805  0    287  635  901  862  822  856  1113 782  787  919  772  710  760  989  384  517  195  272  141  170  731  338  354  321  1185 388  995  439  819  678  670  875  588  965  535  765  558  897  336  562  557  483  628  927  264  730  621  794  811  900  569  846  861  579  312  867  740  986  697  219  264  832  268  832  423  711  176  905  155  808  779  506  790  654  897  80   797  391  675  230  553  287  962  558  587  884  1020 866  447  612  635  690  889  1056 695  227  775  658  917  216  451  839  870  1018 362  403  21   887  629  798  442  602  954  689  838  607  643  437  362  190  548  969  351  592  416  1046 134  106  599  426  895  1112 645  807  871  231  845  661  472  150  626  350  821  322  567  78   749  282  689  785  733  653  608  531  1085 557  986  928  802  836  731  247  364  567  418  784  472  535  539  286  687  324  621  993  1141 409  777  455  408  494  519  575  885  873  203  915  566  93   548  855  420  593  384  694  228  556  800 
586  534  287  0    348  672  612  598  595  828  495  571  632  533  423  481  720  344  326  242  120  236  303  511  333  387  141  902  372  709  284  541  522  392  588  422  699  311  580  309  618  112  305  504  345  443  716  100  529  536  605  546  613  447  594  574  467  333  590  576  720  495  81   187  557  174  547  238  492  167  619  276  525  546  274  597  386  627  349  532  338  539  172  275  265  696  431  417  644  740  626  262  440  445  403  633  779  431  281  584  371  630  409  268  559  661  737  139  220  273  652  435  566  195  345  755  463  555  431  457  267  318  408  355  683  190  308  295  761  155  302  326  291  621  827  421  555  671  92   585  374  332  354  478  66   638  127  479  209  540  233  543  587  449  377  401  406  801  389  703  644  524  662  444  464  333  400  216  511  375  375  254  9    409  332  396  707  858  123  554  171  146  207  357  431  630  689  93   727  294  206  391  582  205  443  97   421  123  461  558 
547  229  635  348  0    453  417  406  372  497  149  472  284  323  101  158  452  531  334  542  395  559  615  425  555  613  362  576  607  360  384  265  482  97   240  472  443  270  471  264  320  345  240  665  422  451  525  406  406  652  549  257  270  549  397  231  516  607  308  507  460  384  418  450  287  437  198  380  413  501  293  592  186  413  302  536  217  315  691  309  516  589  462  109  510  389  534  403  407  433  392  384  409  444  55   358  478  181  590  464  30   283  722  343  266  487  425  339  343  620  425  366  429  282  180  582  379  212  399  392  406  515  730  339  354  405  52   429  430  501  634  176  411  342  499  296  303  510  423  309  29   467  679  471  290  518  350  609  557  467  480  512  520  106  101  391  466  473  394  360  325  195  550  96   780  572  461  355  266  488  458  97   350  171  563  349  358  533  225  375  195  246  149  448  451  358  555  433  578  127  549  411  265  297  448  255  142  445  590  399 
996  252  901  672  453  0    821  80   764  680  454  912  435  141  505  321  781  593  386  730  631  774  795  871  642  681  582  753  1018 464  471  641  300  356  443  924  790  368  197  716  645  731  692  1104 445  905  82   765  188  1101 995  215  499  997  804  487  423  997  661  260  798  215  700  641  661  635  399  808  862  837  570  786  347  848  748  982  665  231  924  717  576  1042 672  434  648  213  982  339  53   703  63   818  317  898  437  137  747  275  954  177  465  476  878  452  621  86   686  737  498  881  30   281  861  707  334  144  828  357  317  276  838  597  904  356  595  810  444  506  634  779  847  630  491  688  688  256  151  116  764  166  458  904  867  343  645  183  584  1053 830  913  636  316  965  387  356  845  428  671  364  370  605  312  207  437  931  980  912  780  668  494  906  481  679  607  659  803  444  725  575  124  599  526  557  894  378  132  176  715  169  402  809  380  257  484  358  618  311  795  1034 825 
261  569  862  612  417  821  0    795  60   393  367  155  432  715  329  502  169  907  744  854  714  848  915  172  916  975  703  428  621  463  776  182  900  500  400  352  135  682  882  306  208  528  307  564  824  298  902  599  817  504  241  606  357  435  20   350  929  670  175  922  153  798  694  782  163  768  428  447  185  688  289  888  475  106  356  230  233  612  938  108  894  390  778  512  856  673  431  819  769  265  758  427  826  287  403  695  272  582  707  872  391  391  1021 737  206  875  278  501  722  856  791  784  97   424  597  963  188  470  816  810  444  885  1016 753  314  517  460  815  354  752  908  298  800  162  385  713  674  903  633  656  397  447  962  888  548  924  687  496  797  191  823  930  214  440  511  280  874  368  808  544  270  509  956  390  1074 606  363  446  155  885  389  471  607  249  920  249  480  393  531  773  457  597  446  395  865  698  955  704  971  539  804  824  571  676  863  526  537  634  486  69  
953  235  822  598  406  80   795  0    740  694  431  874  438  83   470  293  771  514  306  649  553  694  715  830  563  602  503  770  950  478  391  617  231  309  438  870  776  291  137  664  632  661  640  1043 366  854  122  693  111  1043 955  199  494  939  777  477  350  926  643  201  787  136  622  561  639  555  387  745  819  762  562  706  330  812  691  942  622  245  844  688  497  991  592  371  568  251  924  260  86   702  76   756  238  849  398  158  748  225  880  117  422  476  798  372  601  81   687  670  419  801  75   201  827  645  267  175  785  348  238  198  775  517  824  276  595  743  389  426  642  700  767  581  411  673  701  178  125  107  690  163  415  843  787  270  574  145  506  994  752  872  556  251  925  355  305  795  351  681  284  392  599  295  176  405  851  911  857  717  640  415  849  421  605  568  579  754  460  739  506  44   535  452  496  836  301  151  162  637  175  338  729  301  256  406  282  549  265  721  975  792 
311  512  856  595  372  764  60   740  0    348  310  204  371  660  278  447  141  876  703  834  691  832  898  208  888  947  677  390  640  404  740  123  853  450  340  379  111  640  831  299  150  520  294  598  786  327  845  592  766  543  294  549  297  466  48   290  887  684  115  873  132  748  677  758  104  744  369  451  217  685  229  872  418  144  354  282  209  553  930  65   862  432  757  471  831  613  460  775  712  221  701  433  781  316  353  636  235  530  714  820  344  331  1005 701  146  820  231  494  689  848  734  737  142  414  551  906  210  412  771  763  452  855  1002 710  257  519  417  781  303  741  895  272  765  105  341  665  618  848  625  598  349  465  949  843  530  871  661  529  788  234  798  883  265  386  462  299  834  321  765  484  212  452  904  336  1059 622  388  446  106  849  410  433  591  209  893  261  421  352  505  719  433  567  417  415  822  640  901  688  916  496  793  782  513  643  820  505  486  628  518  104 
655  473  1113 828  497  680  393  694  348  0    351  548  262  636  407  450  234  1020 800  1039 891  1053 1111 556  1048 1106 860  80   967  216  867  309  882  515  281  721  266  736  820  592  228  787  577  943  893  671  761  859  766  891  634  503  233  810  392  269  960  1000 267  878  255  763  905  948  304  934  339  755  564  957  208  1088 393  492  652  623  481  450  1177 370  1003 780  959  603  1007 472  803  839  630  127  628  743  835  660  447  544  132  558  1014 804  469  234  1219 826  282  759  117  768  836  1100 652  783  488  689  629  820  552  364  827  803  765  1006 1225 793  144  813  549  914  67   983  1126 521  895  252  10   705  573  790  885  531  468  793  1173 894  763  840  848  875  1037 582  977  911  607  430  534  635  923  28   842  311  185  423  870  407  1276 944  727  742  356  961  746  593  827  431  1058 591  236  45   711  694  658  743  621  747  893  550  851  919  849  611  1034 863  439  791  883  730  524  898  862  452 
562  201  782  495  149  454  367  431  310  351  0    468  142  353  87   138  348  669  455  691  544  709  764  435  696  755  511  431  716  216  517  187  568  170  94   534  348  390  531  341  207  478  317  747  547  500  535  545  468  720  556  238  121  620  350  82   626  728  212  579  361  455  567  598  207  585  75   488  430  642  155  742  109  402  394  543  249  253  840  264  653  636  611  251  656  321  607  507  401  303  390  485  507  491  96   329  349  234  721  518  124  135  871  476  170  510  292  467  484  768  423  458  413  398  285  596  400  112  498  481  508  654  880  452  211  527  198  564  284  649  784  246  545  243  353  380  308  538  565  288  121  559  828  568  434  566  499  684  704  476  626  598  525  87   188  445  583  328  505  239  191  142  599  55   929  685  529  467  215  615  535  246  496  180  706  396  218  389  373  413  333  395  289  528  559  331  593  582  606  259  698  524  207  439  552  399  192  584  667  374 
107  663  787  571  472  912  155  874  204  548  468  0    559  791  406  591  323  897  768  813  685  797  867  60   897  954  686  583  497  602  783  301  944  566  521  222  289  712  943  270  351  471  283  418  838  170  989  534  878  353  91   699  488  295  157  472  952  556  313  975  305  854  649  754  289  741  538  364  79   611  426  839  576  67   297  78   256  721  867  213  886  237  744  545  832  787  293  852  861  421  848  340  864  161  476  794  427  651  605  936  452  522  967  748  332  955  433  441  723  784  881  828  62   376  645  1048 110  579  854  855  351  872  957  783  460  436  503  817  507  693  848  311  804  309  541  765  761  980  570  751  460  333  904  923  515  990  669  351  730  43   799  973  61   524  573  179  894  523  837  674  413  607  1022 475  1016 489  239  372  257  893  269  497  565  306  898  175  616  548  519  846  445  594  450  281  893  797  1027 656  1048 577  743  850  675  681  895  501  609  563  343  102 
662  211  919  632  284  435  432  438  371  262  142  559  0    375  227  193  352  774  547  817  672  838  890  538  806  863  635  341  856  76   620  258  620  269  48   659  366  485  560  476  228  620  454  877  640  620  518  686  505  844  651  242  74   747  419  89   700  869  256  617  372  501  701  721  272  709  89   628  537  783  146  869  134  493  531  638  375  204  974  346  757  753  737  374  773  249  736  580  382  267  378  624  574  611  229  297  312  299  863  544  262  42   996  580  228  508  251  609  597  904  405  522  499  539  378  579  511  103  566  541  647  762  1007 537  159  668  328  667  205  785  914  384  648  275  267  445  314  539  705  276  258  694  957  632  573  583  625  813  841  577  745  649  620  190  288  568  666  246  584  114  177  162  614  188  1054 825  657  607  303  707  665  379  634  307  818  520  76   306  509  434  474  522  429  660  633  303  599  717  602  373  833  605  182  554  623  538  269  725  796  459 
870  165  772  533  323  141  715  83   660  636  353  791  375  0    388  215  697  493  267  609  500  650  678  747  539  584  451  714  876  425  355  538  254  226  369  788  701  237  184  581  557  589  558  964  343  772  203  625  131  963  872  132  426  859  696  405  356  856  566  242  712  136  564  516  560  509  316  667  736  699  491  666  258  730  610  859  539  201  800  607  475  908  545  293  534  230  843  247  112  634  94   677  231  766  316  137  680  141  814  169  339  410  768  329  524  164  619  596  371  752  119  183  744  567  192  258  702  279  227  191  697  492  791  241  528  669  307  396  581  646  725  498  379  596  642  130  65   189  625  115  332  764  750  278  504  213  451  914  699  789  518  279  842  274  222  712  342  621  265  348  528  223  245  324  823  838  775  639  559  401  768  341  539  485  554  671  408  680  434  60   457  386  417  755  297  130  240  580  257  261  679  285  197  352  280  477  182  655  895  710 
493  258  710  423  101  505  329  470  278  407  87   406  227  388  0    184  350  632  435  633  485  646  705  367  654  713  456  483  629  300  485  165  575  171  179  451  343  370  553  254  218  396  231  661  524  420  583  465  488  637  491  293  192  536  310  153  616  642  206  594  359  469  499  544  187  530  160  401  359  563  198  681  179  342  306  477  168  325  771  220  617  557  553  210  607  397  523  500  455  333  441  398  505  411  74   391  377  253  637  543  71   213  813  444  165  551  327  383  444  696  475  460  356  312  275  642  327  192  495  485  421  615  818  439  262  441  153  530  339  578  719  159  513  241  407  386  354  577  487  345  74   472  766  567  359  595  443  599  633  409  576  605  460  118  183  363  566  380  493  326  227  205  628  70   870  598  445  380  173  590  449  189  423  103  662  315  303  439  304  445  255  339  215  442  549  392  628  513  646  228  629  511  277  397  545  326  209  504  582  321 
678  74   760  481  158  321  502  293  447  450  138  591  193  215  184  0    483  582  354  638  499  665  712  552  617  672  457  531  764  262  428  324  438  89   169  623  486  292  394  417  343  496  392  821  447  597  400  552  333  806  675  108  223  703  484  196  509  762  350  444  498  322  540  542  345  530  112  539  544  643  281  693  58   526  459  662  349  157  808  396  565  735  561  207  587  231  689  389  270  427  258  542  385  589  122  207  474  107  740  381  157  216  815  389  308  373  414  492  410  743  291  334  539  439  186  461  511  90   377  355  564  572  829  344  325  561  178  475  388  625  743  324  456  381  455  255  172  401  564  161  150  624  781  445  430  428  450  764  682  594  561  468  645  66   106  538  473  431  392  227  318  42   461  115  873  729  614  513  347  514  613  231  485  287  629  493  252  493  359  275  347  353  300  603  442  208  455  556  469  195  670  412  107  370  432  396  77   589  745  503 
427  536  989  720  452  781  169  771  141  234  348  323  352  697  350  483  0    978  786  954  808  956  1021 340  995  1055 788  260  781  358  835  188  915  512  337  517  34   721  878  435  141  653  428  733  875  465  864  726  816  673  404  573  283  603  173  294  965  825  144  927  22   803  802  873  169  859  384  591  352  820  210  995  440  274  492  393  336  554  1062 192  963  559  875  559  943  602  597  848  728  112  720  574  851  453  419  645  104  582  854  865  422  310  1129 794  186  847  129  629  789  981  751  803  266  548  623  925  349  424  841  827  593  959  1128 789  199  657  503  878  210  870  1022 394  861  109  225  726  645  877  758  616  425  606  1075 913  654  911  774  665  919  360  910  945  379  434  527  440  917  212  843  452  176  476  943  390  1184 763  527  585  209  940  551  530  717  315  1002 402  378  226  621  758  553  674  529  556  899  650  934  814  943  579  922  861  523  742  893  626  539  763  654  235 
924  594  384  344  531  593  907  514  876  1020 669  897  774  493  632  582  978  0    234  189  224  242  229  837  52   91   212  1100 683  845  154  789  319  506  742  766  965  290  419  627  851  456  615  835  150  783  596  427  405  875  941  583  787  790  887  751  203  624  835  379  983  378  292  164  809  174  687  582  819  428  822  232  641  861  606  932  673  672  371  810  18   883  192  422  100  719  775  253  593  965  577  606  276  784  576  629  1010 482  546  435  562  790  290  194  796  539  957  484  188  363  588  314  880  527  396  609  787  673  276  316  612  26   320  254  881  531  479  106  954  317  294  608  125  869  1023 366  548  532  398  596  560  676  294  266  386  470  229  818  342  871  120  322  921  591  487  737  169  997  229  799  856  620  478  615  339  647  744  560  776  102  720  447  353  668  69   724  835  1059 379  474  454  310  460  702  219  622  519  296  562  410  312  212  645  235  239  396  505  426  801  864 
819  360  517  326  334  386  744  306  703  800  455  768  547  267  435  354  786  234  0    344  254  388  411  712  275  326  205  881  697  615  87   600  198  286  519  690  778  65   256  508  651  416  490  818  93   692  410  426  214  838  830  349  568  739  724  533  185  659  642  250  795  180  329  255  622  250  462  527  697  477  611  401  412  720  509  819  519  438  538  639  216  814  287  232  266  487  723  93   374  758  357  545  114  690  369  399  804  250  600  263  364  567  500  66   600  353  748  434  116  497  374  113  738  441  170  440  662  444  105  132  559  228  523  31   666  502  286  131  735  401  461  458  112  676  803  136  317  356  414  364  361  629  484  162  326  315  212  783  450  751  251  222  804  371  267  637  131  779  70   565  646  389  336  403  556  658  672  499  598  160  655  274  335  495  290  609  604  841  276  262  337  200  320  638  124  394  366  343  406  207  426  81   410  120  129  314  277  446  764  714 
820  671  195  242  542  730  854  649  834  1039 691  813  817  609  633  638  954  189  344  0    148  53   73   753  147  177  181  1116 517  892  259  770  488  551  777  647  935  375  579  551  842  343  547  678  295  675  748  291  551  728  841  670  812  654  835  774  385  451  819  549  955  519  163  97   787  108  727  463  733  260  832  57   692  789  515  833  625  759  195  770  196  755  80   442  92   817  640  402  718  963  701  488  427  678  595  736  1004 556  369  591  570  823  179  280  784  690  958  373  239  174  719  451  808  437  461  770  705  725  423  461  488  167  190  373  895  400  492  228  971  145  118  562  241  850  1040 479  653  689  256  696  571  543  143  435  305  634  192  671  156  780  94   497  825  627  533  639  338  1014 373  866  861  680  647  636  237  484  625  447  745  277  597  446  248  639  134  637  886  1073 334  606  401  296  426  579  384  731  685  157  728  444  126  362  722  271  403  329  565  276  656  801 
705  538  272  120  395  631  714  553  691  891  544  685  672  500  485  499  808  224  254  148  0    166  220  625  214  268  49   968  472  748  189  623  436  410  631  542  790  263  509  418  694  232  410  616  246  562  662  205  468  652  723  542  665  566  695  626  364  422  671  495  810  433  79   69   640  55   583  358  606  230  683  197  551  655  389  714  482  629  309  626  219  659  68   297  146  692  551  335  612  815  594  382  360  564  448  617  856  426  354  517  422  677  328  188  636  606  810  260  137  252  616  367  675  310  331  694  576  583  353  385  387  197  335  285  746  307  346  187  823  148  243  418  188  703  891  374  535  610  181  573  423  451  284  388  170  567  50   595  199  656  114  453  704  482  392  519  304  865  305  727  712  541  587  490  385  434  521  336  599  264  495  298  129  493  213  510  743  924  187  508  257  149  279  477  337  613  619  91   660  303  179  302  589  148  353  187  429  212  577  664 
798  702  141  236  559  774  848  694  832  1053 709  797  838  650  646  665  956  242  388  53   166  0    69   738  199  224  208  1128 475  914  304  775  539  576  797  622  936  413  628  542  850  326  541  639  345  653  795  266  598  692  820  703  829  623  830  790  438  406  824  600  956  565  154  133  791  141  749  441  718  221  844  41   717  778  501  813  623  792  150  769  250  726  105  464  145  852  610  450  760  971  742  466  476  657  613  774  1011 588  322  640  585  842  173  322  791  737  968  356  278  120  762  497  797  426  493  819  692  749  471  509  463  221  173  418  908  373  511  278  985  110  77   562  289  855  1053 520  691  737  230  732  587  514  120  486  302  684  215  635  107  763  143  549  806  648  559  621  390  1027 421  893  872  707  698  655  227  443  600  427  747  330  570  462  240  643  186  623  909  1085 342  650  404  315  434  553  435  769  735  144  778  470  77   411  753  304  454  330  594  246  621  792 
867  744  170  303  615  795  915  715  898  1111 764  867  890  678  705  712  1021 229  411  73   220  69   0    807  179  185  255  1188 535  966  324  838  542  625  851  691  1001 446  638  611  912  395  608  700  355  723  810  335  614  757  889  742  885  690  897  846  431  463  887  604  1022 582  221  170  855  181  801  510  788  285  903  27   766  846  570  883  689  831  143  835  240  793  153  515  148  889  677  463  786  1033 769  535  488  727  668  807  1074 629  378  651  642  896  108  349  853  753  1029 425  311  152  786  515  866  495  534  829  761  798  485  524  532  213  117  440  966  442  565  290  1043 178  68   627  304  919  1111 547  724  749  299  767  643  582  72   489  368  691  265  700  163  832  160  549  875  700  606  690  391  1085 435  939  932  754  702  709  165  505  669  496  812  326  639  518  308  707  162  692  959  1144 403  672  468  369  495  621  440  801  742  212  785  518  137  422  795  344  459  394  639  314  686  860 
126  625  731  511  425  871  172  830  208  556  435  60   538  747  367  552  340  837  712  753  625  738  807  0    837  894  626  597  454  587  726  283  891  521  497  181  307  657  894  211  344  411  224  392  781  127  946  475  829  335  124  660  469  263  167  450  896  508  304  924  326  804  589  694  275  681  508  307  19   554  413  779  542  66   237  111  208  688  809  197  827  225  684  492  772  756  258  798  821  429  807  283  810  116  433  758  441  606  554  887  407  503  908  691  316  911  439  382  665  727  841  776  78   316  594  1004 51   547  800  803  295  813  898  728  454  379  452  758  508  634  789  258  746  307  549  714  719  935  511  713  415  285  845  869  455  942  609  324  672  42   739  920  95   485  526  123  837  529  781  652  406  571  974  437  957  442  194  314  235  835  222  443  505  264  838  115  600  560  460  800  386  535  393  232  837  759  981  596  1003 525  684  794  641  623  840  442  564  505  313  105 
919  633  338  333  555  642  916  563  888  1048 696  897  806  539  654  617  995  52   275  147  214  199  179  837  0    59   213  1128 655  879  190  807  371  537  773  755  980  327  471  628  871  444  619  811  197  776  647  407  455  855  937  624  816  774  897  779  254  593  854  431  1000 427  271  146  826  159  718  570  819  398  847  184  674  864  602  928  682  713  322  822  67   870  168  446  70   763  759  303  641  988  624  595  326  778  602  674  1032 520  513  486  585  821  238  227  815  591  980  473  212  318  637  362  884  523  430  661  787  707  325  365  598  46   268  298  907  515  502  144  981  284  245  617  163  887  1050 410  593  584  376  640  584  660  242  318  382  522  229  797  303  869  100  374  918  620  518  733  221  1025 278  837  880  655  530  641  289  620  733  549  790  154  707  466  341  682  17   722  869  1086 385  523  459  322  471  689  271  668  571  272  614  437  272  262  684  257  291  396  540  402  781  870 
973  686  354  387  613  681  975  602  947  1106 755  954  863  584  713  672  1055 91   326  177  268  224  185  894  59   0    271  1186 694  934  244  866  398  594  830  807  1040 381  502  685  931  497  676  853  241  830  679  455  493  901  992  675  873  822  955  837  275  628  913  456  1059 466  320  200  886  213  775  622  875  436  906  199  730  922  658  983  741  764  324  882  109  920  217  505  122  811  808  342  682  1047 667  646  364  832  660  720  1091 573  546  518  644  878  216  282  875  624  1039 526  270  336  677  403  942  579  485  688  844  762  364  404  649  100  251  346  966  564  561  197  1039 322  253  676  216  947  1108 457  640  614  423  688  643  709  237  346  438  549  288  843  331  925  154  397  973  678  575  788  253  1083 319  890  938  710  554  700  260  660  785  602  850  186  758  526  395  742  55   779  925  1144 444  564  518  381  530  740  303  714  596  319  639  495  301  301  736  316  323  453  595  447  827  929 
712  494  321  141  362  582  703  503  677  860  511  686  635  451  456  457  788  212  205  181  49   208  255  626  213  271  0    938  508  710  146  601  392  369  596  556  772  214  462  416  670  251  406  645  206  572  613  237  419  678  729  496  632  587  684  593  327  462  649  449  792  385  124  87   620  74   546  375  608  273  654  235  511  651  394  720  470  583  355  611  202  676  103  260  154  645  572  289  563  789  545  398  314  573  414  569  832  380  398  469  391  642  361  140  612  557  783  276  89   301  567  319  671  315  285  646  576  543  306  337  406  187  372  237  716  331  312  153  792  197  286  405  150  682  861  325  487  562  217  526  391  473  323  345  175  520  17   620  248  659  121  410  709  445  351  525  266  835  260  685  684  499  540  456  419  469  536  351  581  233  512  267  151  474  216  512  704  895  172  459  246  117  260  494  295  565  572  137  612  263  228  258  545  99   309  184  386  249  602  657 
687  552  1185 902  576  753  428  770  390  80   431  583  341  714  483  531  260  1100 881  1116 968  1128 1188 597  1128 1186 938  0    1024 291  947  372  962  595  362  769  294  817  898  654  291  856  641  989  974  718  832  928  845  932  664  581  313  857  430  349  1040 1060 327  957  278  842  979  1025 363  1012 419  817  607  1026 284  1164 473  531  714  653  545  525  1250 423  1083 818  1035 682  1086 543  850  920  703  174  703  804  915  707  526  618  156  639  1078 881  547  314  1296 906  347  833  170  836  916  1173 726  864  525  755  710  891  600  444  907  883  825  1086 1301 874  221  877  627  994  146  1056 1201 589  976  306  77   786  651  864  956  607  546  848  1249 974  836  916  925  920  1110 619  1056 990  639  510  614  686  1004 103  923  382  257  503  946  486  1353 1002 777  806  416  1041 798  670  901  499  1137 644  310  43   786  771  730  821  695  800  973  624  925  994  922  690  1108 943  517  871  963  804  605  967  908  492 
440  833  388  372  607  1018 621  950  640  967  716  497  856  876  629  764  781  683  697  517  472  475  535  454  655  694  508  1024 0    925  654  659  894  688  808  275  750  676  948  383  739  288  403  169  714  327  1071 272  894  237  469  855  808  214  611  774  835  77   700  947  770  860  395  520  663  513  787  228  438  257  780  510  790  518  325  469  492  922  465  600  682  315  491  587  586  995  209  789  982  849  965  232  811  338  652  953  873  752  161  951  614  836  603  640  689  1020 855  280  592  396  994  803  532  325  683  1116 433  812  802  826  209  657  578  726  838  207  592  659  908  372  485  472  658  717  963  780  884  1032 291  903  620  175  536  850  377  1006 495  189  371  453  563  915  471  711  679  341  775  939  761  954  789  802  1031 683  635  39   259  252  611  737  232  544  363  554  647  380  931  982  443  907  423  504  469  225  802  951  1056 388  1092 617  398  763  872  576  815  400  728  260  182  552 
707  266  995  709  360  464  463  478  404  216  216  602  76   425  300  262  358  845  615  892  748  914  966  587  879  934  710  291  925  0    691  303  675  343  121  719  378  555  607  543  254  695  522  939  708  677  545  761  556  902  693  293  120  808  453  151  762  941  290  667  379  556  778  796  313  784  164  698  587  858  175  945  204  536  600  680  439  234  1051 390  827  806  813  450  847  259  797  642  413  257  412  693  635  667  305  327  296  366  937  590  338  89   1071 651  270  542  239  683  670  980  436  583  540  612  449  604  564  171  628  600  716  834  1083 604  158  741  404  738  173  861  991  453  719  301  224  506  360  574  781  316  335  760  1033 691  649  624  701  873  917  623  819  703  663  265  362  628  731  207  649  98   194  226  655  264  1129 895  718  678  352  775  728  456  710  372  890  579  20   261  586  481  549  598  505  724  696  333  635  793  633  448  909  670  227  628  684  614  339  800  857  499 
824  442  439  284  384  471  776  391  740  867  517  783  620  355  485  428  835  154  87   259  189  304  324  726  190  244  146  947  654  691  0    646  247  352  588  681  823  137  326  516  704  387  501  787  61   689  490  382  293  815  837  434  634  720  756  598  184  608  691  306  841  260  268  174  667  172  533  507  708  418  671  315  486  741  507  827  545  523  454  675  136  804  208  275  178  574  705  148  462  816  445  528  174  689  426  487  861  329  543  336  414  636  413  41   650  432  807  409  65   418  461  192  760  432  241  515  674  519  168  204  538  144  435  115  729  471  332  47   801  331  377  481  28   725  870  224  405  433  364  451  412  607  397  199  301  383  158  758  375  762  165  264  814  437  333  638  122  845  119  646  705  466  400  463  468  615  661  481  637  110  641  307  293  531  204  616  680  906  269  347  340  191  335  623  149  481  435  280  476  259  349  113  493  102  163  298  351  396  740  739 
404  388  819  541  265  641  182  617  123  309  187  301  258  538  165  324  188  789  600  770  623  775  838  283  807  866  601  372  659  303  646  0    739  334  221  425  177  535  711  282  81   485  268  648  687  380  722  558  648  605  393  425  186  515  166  172  781  690  48   756  195  631  622  686  22   672  246  446  285  656  131  813  294  235  343  380  172  431  888  88   774  505  690  371  755  492  506  666  588  201  577  434  670  369  238  513  237  411  705  700  236  220  947  606  32   697  202  464  600  808  610  625  241  384  441  783  264  289  660  650  455  770  948  604  181  504  315  690  248  694  844  219  673  80   305  550  495  725  588  474  240  486  895  732  475  750  587  581  745  320  723  769  362  264  348  336  732  281  659  372  131  328  783  216  1003 635  428  434  51   752  443  341  539  132  813  289  316  329  436  597  371  486  343  442  715  516  779  635  793  393  746  676  389  554  711  445  367  597  566  201 
1004 410  678  522  482  300  900  231  853  882  568  944  620  254  575  438  915  319  198  488  436  539  542  891  371  398  392  962  894  675  247  739  0    405  606  884  913  237  106  694  775  615  674  1017 195  882  283  622  124  1036 1012 382  661  936  880  634  126  853  775  61   927  119  515  417  761  417  549  725  876  665  719  540  492  890  701  1000 689  455  682  792  304  1008 452  398  397  477  920  105  318  866  306  742  84   879  501  381  913  334  790  124  509  651  609  253  732  231  853  633  303  657  305  116  908  636  302  290  841  519  94   89   757  330  639  172  764  700  443  262  824  578  604  633  253  808  888  189  319  218  607  369  503  827  611  53   525  151  402  981  620  931  396  30   985  481  391  825  151  866  132  601  756  460  159  525  656  855  866  697  747  217  850  448  531  653  388  794  659  926  473  206  529  398  506  834  103  374  200  527  243  367  593  134  449  318  85   511  376  639  962  879 
644  146  670  392  97   356  500  309  450  515  170  566  269  226  171  89   512  506  286  551  410  576  625  521  537  594  369  595  688  343  352  334  405  0    236  568  508  221  382  360  372  413  336  756  378  548  427  466  317  747  646  167  282  643  481  247  456  681  370  422  523  297  450  455  356  443  181  466  510  555  326  605  141  506  395  633  313  238  718  392  489  686  473  117  503  310  628  337  310  473  295  472  339  542  97   267  520  84   654  372  114  284  729  312  327  390  462  411  327  653  327  291  521  365  115  484  476  173  329  316  493  493  742  282  380  482  96   400  450  535  654  273  381  403  518  216  207  414  477  217  106  557  693  401  343  425  361  702  592  563  476  435  616  85   19   489  413  493  334  316  362  132  458  121  787  651  557  439  345  446  553  146  396  261  548  447  335  555  271  279  265  263  219  541  389  266  461  466  482  106  580  354  191  285  382  310  44   502  683  489 
622  204  875  588  240  443  400  438  340  281  94   521  48   369  179  169  337  742  519  777  631  797  851  497  773  830  596  362  808  121  588  221  606  236  0    613  347  455  553  428  204  573  406  830  612  575  526  639  495  799  612  239  57   701  385  49   679  821  226  607  355  488  658  683  237  670  57   580  495  736  126  829  114  454  483  599  329  218  932  308  725  709  698  335  737  273  689  558  390  265  383  576  555  566  185  308  311  277  815  538  217  48   957  548  193  511  250  561  562  860  413  503  462  491  348  588  468  90   546  524  599  729  967  511  159  621  286  636  219  741  873  336  617  250  285  425  312  542  660  279  213  647  916  614  527  581  585  766  797  536  708  635  581  152  255  523  641  262  561  156  162  147  613  144  1015 777  610  559  264  680  618  336  589  260  784  474  123  323  465  429  427  482  384  613  612  312  600  674  606  337  790  581  186  519  602  493  242  678  749  422 
180  697  588  422  472  924  352  870  379  721  534  222  659  788  451  623  517  766  690  647  542  622  691  181  755  807  556  769  275  719  681  425  884  568  613  0    485  646  908  207  499  310  232  223  741  53   992  356  845  185  207  727  598  90   344  571  863  334  458  926  504  816  488  608  424  596  609  185  166  415  555  663  630  246  183  203  285  774  669  351  758  124  590  503  686  847  81   782  879  597  863  160  799  64   500  829  615  648  389  905  465  631  783  653  458  949  605  282  616  588  896  774  259  249  610  1045 169  643  789  801  159  739  768  712  606  248  480  704  668  513  661  299  696  468  715  726  775  968  392  780  473  117  718  852  382  962  540  155  540  178  655  910  202  559  567  91   801  694  760  769  556  652  991  517  827  267  22   206  374  785  53   451  413  354  753  139  729  730  414  833  354  493  381  69   812  829  1006 491  1034 537  558  769  724  582  819  382  613  377  141  283 
393  542  965  699  443  790  135  776  111  266  348  289  366  701  343  486  34   965  778  935  790  936  1001 307  980  1040 772  294  750  378  823  177  913  508  347  485  0    713  879  409  144  628  403  699  865  432  872  701  817  640  370  579  294  570  140  302  959  795  138  926  21   802  781  855  156  841  390  563  319  795  221  975  446  241  465  360  313  565  1038 167  950  525  857  549  926  616  564  843  736  141  728  545  846  421  413  655  138  581  825  867  413  323  1108 783  181  854  157  603  776  957  759  800  232  523  617  934  317  432  837  824  563  945  1107 782  219  630  493  866  238  847  1001 373  850  105  257  724  651  883  733  624  417  575  1053 908  633  914  757  631  895  326  893  943  345  433  523  408  909  243  836  470  189  481  947  388  1163 733  495  558  190  930  519  517  696  298  986  372  397  260  602  761  533  658  512  524  892  660  939  793  949  570  900  854  532  729  888  606  538  738  620  202 
767  306  535  311  270  368  682  291  640  736  390  712  485  237  370  292  721  290  65   375  263  413  446  657  327  381  214  817  676  555  137  535  237  221  455  646  713  0    272  457  586  389  437  787  157  644  405  409  218  801  776  299  503  701  662  469  247  644  577  281  730  184  331  280  557  272  399  491  642  472  546  432  351  661  463  765  460  388  564  576  272  770  309  170  307  443  685  140  349  692  331  508  154  641  304  361  738  192  592  275  299  503  542  100  535  350  682  404  136  515  352  130  679  400  107  443  607  383  144  155  523  281  561  71   601  474  222  184  671  410  490  401  165  611  739  112  277  359  403  320  296  594  518  211  299  330  215  748  462  697  287  265  750  307  203  588  196  715  126  509  581  329  356  338  598  636  629  463  534  225  614  215  319  433  340  557  544  776  239  246  292  171  268  598  183  355  380  346  416  143  442  142  357  115  183  280  215  434  729  654 
1012 350  765  580  471  197  882  137  831  820  531  943  560  184  553  394  878  419  256  579  509  628  638  894  471  502  462  898  948  607  326  711  106  382  553  908  879  272  0    709  737  662  686  1059 284  900  177  679  65   1070 1017 317  610  968  863  588  232  913  742  64   892  92   586  501  733  498  499  762  881  734  674  633  441  885  725  1005 687  377  775  774  404  1031 535  407  490  388  952  178  221  818  213  777  152  895  478  294  864  301  857  19   494  595  710  321  700  124  804  676  372  744  206  145  901  667  301  190  846  463  157  124  794  429  739  225  712  747  441  350  766  655  696  637  339  774  827  181  247  112  669  292  487  864  708  155  571  58   469  1017 701  935  485  119  989  447  372  841  250  806  207  526  711  406  84   495  759  909  892  734  726  317  880  458  588  642  488  806  590  865  511  126  557  443  526  864  200  287  110  599  150  373  676  217  381  375  180  553  345  701  998  870 
