50
0    8    16   27   58   35   18   19   21   20   187  211  172  193  170  166  163  199  182  165  485  523  541  506  478  494  507  515  534  502  361  368  344  359  360  371  393  367  369  383  679  663  655  689  658  645  658  662  657  661 
8    0    19   34   54   31   16   13   25   27   179  203  164  185  162  159  156  191  174  157  488  524  543  509  480  497  509  517  536  504  364  372  348  363  363  375  396  370  372  386  676  660  652  686  655  643  655  659  655  658 
16   19   0    38   45   50   9    18   7    19   192  213  176  197  175  171  171  203  186  166  469  506  524  490  462  478  491  499  518  486  376  383  358  373  375  385  408  381  384  397  664  649  641  675  644  631  644  648  642  647 
27   34   38   0    83   43   43   46   37   23   206  233  194  213  191  187  179  221  203  188  495  534  550  515  488  503  518  525  545  512  339  345  321  335  338  348  371  344  347  359  702  686  679  712  681  668  681  685  680  685 
58   54   45   83   0    79   40   41   49   64   176  188  155  178  157  155  165  181  168  142  448  481  502  470  439  457  467  477  495  464  418  426  402  417  418  429  450  425  426  441  621  606  597  632  600  588  601  604  600  604 
35   31   50   43   79   0    46   39   56   52   164  193  154  171  149  145  135  180  161  149  519  555  574  540  511  528  540  549  567  536  341  352  328  344  342  355  374  350  349  366  699  684  674  710  678  666  678  681  679  680 
18   16   9    43   40   46   0    9    17   27   183  204  166  188  166  162  163  193  177  157  472  508  527  494  464  481  493  502  521  489  379  386  362  377  378  389  411  385  387  401  661  645  637  671  640  627  640  644  639  643 
19   13   18   46   41   39   9    0    26   34   173  195  158  179  157  153  153  185  168  149  480  516  535  502  472  489  501  510  528  497  376  385  361  376  376  388  409  383  384  399  663  648  639  674  642  630  643  646  642  645 
21   25   7    37   49   56   17   26   0    14   200  221  183  205  183  179  179  210  194  174  464  502  520  486  457  473  487  495  514  481  376  382  358  372  375  385  408  381  384  396  665  649  642  675  644  631  644  649  643  648 
20   27   19   23   64   52   27   34   14   0    206  229  191  212  190  186  183  218  201  183  473  511  529  494  466  482  496  503  523  490  362  368  344  358  361  371  394  367  370  382  679  663  656  689  659  645  659  663  657  662 
187  179  192  206  176  164  183  173  200  206  0    43   27   13   18   21   41   26   12   45   595  620  647  618  585  605  610  621  636  609  431  453  432  451  435  455  465  450  437  468  667  656  638  680  644  641  645  644  655  643 
211  203  213  233  188  193  204  195  221  229  43   0    39   30   47   52   84   17   37   46   583  605  633  606  572  593  595  607  621  596  474  496  475  494  479  498  508  493  481  511  630  620  601  644  608  606  609  607  620  606 
172  164  176  194  155  154  166  158  183  191  27   39   0    23   12   16   55   27   15   18   568  593  620  591  558  578  583  594  609  582  441  462  440  458  445  464  475  458  448  477  644  632  615  657  621  617  622  621  631  620 
193  185  197  213  178  171  188  179  205  212  13   30   23   0    22   26   54   13   10   40   590  615  642  614  580  601  605  616  631  604  444  466  444  464  448  468  478  462  450  481  656  645  626  669  633  630  634  632  644  632 
170  162  175  191  157  149  166  157  183  190  18   47   12   22   0    5    42   31   11   29   577  602  629  600  567  587  592  603  618  591  430  451  429  448  434  453  464  448  437  466  656  645  628  670  634  630  635  634  643  633 
166  159  171  187  155  145  162  153  179  186  21   52   16   26   5    0    38   35   16   31   577  603  629  600  567  587  592  603  618  591  425  446  424  443  429  448  459  443  432  461  659  648  631  673  637  633  638  637  646  636 
163  156  171  179  165  135  163  153  179  183  41   84   55   54   42   38   0    66   48   68   601  629  654  624  591  611  617  628  644  615  390  412  390  409  394  414  424  408  396  427  697  685  669  710  675  670  676  675  683  674 
199  191  203  221  181  180  193  185  210  218  26   17   27   13   31   35   66   0    20   39   586  610  637  610  576  596  600  611  626  599  457  478  457  476  461  481  490  475  463  494  644  634  615  658  622  619  623  621  633  620 
182  174  186  203  168  161  177  168  194  201  12   37   15   10   11   16   48   20   0    33   583  608  635  606  573  593  598  609  624  597  438  459  438  457  442  462  472  456  444  475  655  644  626  668  632  629  633  632  642  631 
165  157  166  188  142  149  157  149  174  183  45   46   18   40   29   31   68   39   33   0    550  575  602  573  540  560  565  576  591  564  449  468  446  464  452  471  483  465  456  483  628  617  600  642  606  601  607  606  615  605 
485  488  469  495  448  519  472  480  464  473  595  583  568  590  577  577  601  586  583  550  0    53   55   23   13   10   31   32   54   19   806  799  776  783  801  802  832  799  814  809  429  408  429  427  421  390  419  435  392  435 
523  524  506  534  481  555  508  516  502  511  620  605  593  615  602  603  629  610  608  575  53   0    38   52   51   52   21   28   19   35   851  845  822  830  847  848  878  846  859  856  388  367  391  384  381  350  380  395  350  396 
541  543  524  550  502  574  527  535  520  529  647  633  620  642  629  629  654  637  635  602  55   38   0    38   62   47   37   26   19   38   861  854  831  838  856  856  887  854  869  864  421  400  425  416  415  383  413  430  383  430 
506  509  490  515  470  540  494  502  486  494  618  606  591  614  600  600  624  610  606  573  23   52   38   0    35   13   33   24   44   20   824  816  793  800  818  819  849  816  831  826  438  417  440  435  431  400  429  445  401  445 
478  480  462  488  439  511  464  472  457  466  585  572  558  580  567  567  591  576  573  540  13   51   62   35   0    23   31   37   57   24   802  795  772  780  797  798  828  796  810  806  419  398  418  417  410  380  409  424  382  424 
494  497  478  503  457  528  481  489  473  482  605  593  578  601  587  587  611  596  593  560  10   52   47   13   23   0    31   27   49   16   813  806  783  790  808  809  839  806  821  816  434  413  435  431  426  395  424  440  397  440 
507  509  491  518  467  540  493  501  487  496  610  595  583  605  592  592  617  600  598  565  31   21   37   33   31   31   0    14   27   15   833  827  804  811  828  829  859  827  841  837  404  383  406  401  397  366  395  411  367  411 
515  517  499  525  477  549  502  510  495  503  621  607  594  616  603  603  628  611  609  576  32   28   26   24   37   27   14   0    22   13   838  831  808  816  833  834  864  831  846  842  415  394  418  412  408  377  407  423  378  423 
534  536  518  545  495  567  521  528  514  523  636  621  609  631  618  618  644  626  624  591  54   19   19   44   57   49   27   22   0    35   859  853  830  837  854  856  885  853  867  863  402  382  406  398  396  365  395  411  365  411 
502  504  486  512  464  536  489  497  481  490  609  596  582  604  591  591  615  599  597  564  19   35   38   20   24   16   15   13   35   0    825  818  795  802  819  820  850  818  832  828  419  398  420  416  411  380  410  425  381  425 
361  364  376  339  418  341  379  376  376  362  431  474  441  444  430  425  390  457  438  449  806  851  861  824  802  813  833  838  859  825  0    37   41   52   12   37   33   32   7    48   1040 1025 1016 1051 1019 1007 1019 1023 1019 1022
368  372  383  345  426  352  386  385  382  368  453  496  462  466  451  446  412  478  459  468  799  845  854  816  795  806  827  831  853  818  37   0    24   19   25   2    36   5    38   15   1047 1032 1024 1058 1027 1014 1027 1031 1025 1030
344  348  358  321  402  328  362  361  358  344  432  475  440  444  429  424  390  457  438  446  776  822  831  793  772  783  804  808  830  795  41   24   0    20   30   27   55   23   46   38   1023 1008 1000 1033 1002 989  1003 1007 1001 1006
359  363  373  335  417  344  377  376  372  358  451  494  458  464  448  443  409  476  457  464  783  830  838  800  780  790  811  816  837  802  52   19   20   0    40   21   55   22   55   26   1037 1021 1014 1047 1017 1003 1017 1021 1015 1020
360  363  375  338  418  342  378  376  375  361  435  479  445  448  434  429  394  461  442  452  801  847  856  818  797  808  828  833  854  819  12   25   30   40   0    26   32   20   16   37   1040 1024 1016 1050 1019 1006 1019 1022 1018 1022
371  375  385  348  429  355  389  388  385  371  455  498  464  468  453  448  414  481  462  471  802  848  856  819  798  809  829  834  856  820  37   2    27   21   26   0    34   6    38   13   1050 1035 1027 1060 1029 1016 1030 1034 1028 1033
393  396  408  371  450  374  411  409  408  394  465  508  475  478  464  459  424  490  472  483  832  878  887  849  828  839  859  864  885  850  33   36   55   55   32   34   0    33   27   34   1072 1057 1048 1082 1051 1039 1052 1055 1051 1054
367  370  381  344  425  350  385  383  381  367  450  493  458  462  448  443  408  475  456  465  799  846  854  816  796  806  827  831  853  818  32   5    23   22   20   6    33   0    33   19   1046 1030 1023 1056 1025 1012 1026 1029 1024 1029
369  372  384  347  426  349  387  384  384  370  437  481  448  450  437  432  396  463  444  456  814  859  869  831  810  821  841  846  867  832  7    38   46   55   16   38   27   33   0    47   1048 1032 1024 1058 1027 1015 1027 1030 1026 1030
383  386  397  359  441  366  401  399  396  382  468  511  477  481  466  461  427  494  475  483  809  856  864  826  806  816  837  842  863  828  48   15   38   26   37   13   34   19   47   0    1061 1046 1038 1071 1041 1027 1041 1045 1039 1044
679  676  664  702  621  699  661  663  665  679  667  630  644  656  656  659  697  644  655  628  429  388  421  438  419  434  404  415  402  419  1040 1047 1023 1037 1040 1050 1072 1046 1048 1061 0    21   32   17   22   40   21   29   37   30  
663  660  649  686  606  684  645  648  649  663  656  620  632  645  645  648  685  634  644  617  408  367  400  417  398  413  383  394  382  398  1025 1032 1008 1021 1024 1035 1057 1030 1032 1046 21   0    37   25   22   19   20   37   17   38  
655  652  641  679  597  674  637  639  642  656  638  601  615  626  628  631  669  615  626  600  429  391  425  440  418  435  406  418  406  420  1016 1024 1000 1014 1016 1027 1048 1023 1024 1038 32   37   0    49   14   44   16   6    52   6   
689  686  675  712  632  710  671  674  675  689  680  644  657  669  670  673  710  658  668  642  427  384  416  435  417  431  401  412  398  416  1051 1058 1033 1047 1050 1060 1082 1056 1058 1071 17   25   49   0    37   44   36   46   36   47  
658  655  644  681  600  678  640  642  644  659  644  608  621  633  634  637  675  622  632  606  421  381  415  431  410  426  397  408  396  411  1019 1027 1002 1017 1019 1029 1051 1025 1027 1041 22   22   14   37   0    32   2    15   38   16  
645  643  631  668  588  666  627  630  631  645  641  606  617  630  630  633  670  619  629  601  390  350  383  400  380  395  366  377  365  380  1007 1014 989  1003 1006 1016 1039 1012 1015 1027 40   19   44   44   32   0    30   47   14   48  
658  655  644  681  601  678  640  643  644  659  645  609  622  634  635  638  676  623  633  607  419  380  413  429  409  424  395  407  395  410  1019 1027 1003 1017 1019 1030 1052 1026 1027 1041 21   20   16   36   2    30   0    17   36   18  
662  659  648  685  604  681  644  646  649  663  644  607  621  632  634  637  675  621  632  606  435  395  430  445  424  440  411  423  411  425  1023 1031 1007 1021 1022 1034 1055 1029 1030 1045 29   37   6    46   15   47   17   0    53   1   
657  655  642  680  600  679  639  642  643  657  655  620  631  644  643  646  683  633  642  615  392  350  383  401  382  397  367  378  365  381  1019 1025 1001 1015 1018 1028 1051 1024 1026 1039 37   17   52   36   38   14   36   53   0    54  
661  658  647  685  604  680  643  645  648  662  643  606  620  632  633  636  674  620  631  605  435  396  430  445  424  440  411  423  411  425  1022 1030 1006 1020 1022 1033 1054 1029 1030 1044 30   38   6    47   16   48   18   1    54   0   
0          5280
94         405
193        327
0          419
39         78
0          404
0          80
0          184
18         176
296        504
288        690
433        601
518        757
425        724
403        719
562        955
512        1048
456        716
339        629
700        848
1385       1862
1282       1425
1495       1656
1356       1793
1213       1631
1440       1913
1422       1664
1598       1830
1553       1694
1389       1722
2411       2751
2525       2824
2774       2905
2572       2815
2386       2608
2474       2800
2473       2904
2478       2757
2483       2773
2408       2781
3900       4098
3903       4233
3756       4133
3844       3984
3615       4108
3891       4170
3660       4065
3738       4063
3853       4140
3551       3908
