150
0    8    16   27   58   35   18   19   21   20   14   44   14   17   5    166  163  199  182  165  183  204  167  163  196  173  194  180  187  183  497  513  532  531  504  511  477  511  490  506  523  518  488  538  499  397  381  370  386  373  347  404  343  376  363  380  365  387  383  387  654  655  627  674  677  671  677  651  680  672  669  680  676  675  662  400  406  370  383  418  405  374  401  426  385  430  404  433  409  404  421  444  480  435  429  407  412  414  463  401  436  413  434  471  409  338  308  334  357  308  310  344  307  332  322  339  357  323  300  315  518  490  512  475  529  527  495  528  516  527  527  519  478  527  528  480  516  491  475  490  471  459  465  501  508  449  481  501  503  479 
8    0    19   34   54   31   16   13   25   27   10   37   17   9    12   159  156  191  174  157  175  196  159  155  188  166  186  172  179  175  499  515  534  533  506  513  479  513  491  509  525  520  490  541  502  401  385  373  391  376  351  408  346  378  367  384  369  391  387  392  651  652  623  671  674  667  674  647  676  669  666  676  673  672  659  396  402  365  379  414  400  370  395  421  380  426  399  428  404  400  416  439  475  430  424  402  407  408  457  396  431  408  428  466  404  331  301  327  350  301  303  337  300  325  315  332  350  316  293  308  522  494  516  479  532  531  499  531  520  531  531  522  482  531  531  486  521  496  481  495  477  464  469  507  514  453  487  507  509  485 
16   19   0    38   45   50   9    18   7    19   29   39   2    25   14   171  171  203  186  166  189  207  169  169  203  180  198  184  188  188  480  497  516  515  488  494  461  495  473  490  507  502  472  522  483  410  396  385  400  388  362  419  358  391  377  395  379  401  397  400  639  641  613  660  662  656  662  637  665  658  655  665  662  660  648  415  421  384  398  433  419  389  414  440  399  445  418  447  423  419  410  434  468  425  419  396  402  403  451  390  424  401  423  460  398  331  303  327  349  303  303  339  300  325  315  332  350  316  293  308  503  475  497  460  513  512  480  512  501  512  512  503  463  512  512  468  502  478  462  477  458  445  451  488  495  435  469  488  490  467 
27   34   38   0    83   43   43   46   37   23   32   71   36   42   24   187  179  221  203  188  201  227  191  183  214  193  215  202  210  203  508  522  542  540  515  520  487  521  501  515  533  526  498  548  508  373  358  348  362  351  325  382  321  354  340  358  341  363  359  362  677  679  651  697  699  694  700  675  702  696  692  702  699  698  685  401  408  371  385  416  406  375  406  428  388  429  406  434  411  404  448  471  506  462  456  433  439  440  489  428  461  439  460  497  435  365  335  361  384  335  337  371  334  359  349  366  384  350  327  342  521  495  515  481  534  530  497  532  520  529  530  523  480  529  532  476  514  487  473  486  467  456  464  499  505  449  478  496  500  476 
58   54   45   83   0    79   40   41   49   64   63   27   47   51   59   155  165  181  168  142  176  182  144  153  189  166  178  164  163  170  456  475  493  494  464  473  439  473  449  470  484  481  450  500  462  455  439  428  444  431  405  462  401  432  421  438  423  445  441  445  597  597  569  617  619  613  619  593  622  615  612  622  619  617  605  428  432  397  410  449  431  402  420  452  409  459  430  460  433  433  364  388  422  379  373  350  356  357  405  344  378  356  377  414  352  288  262  285  305  261  260  297  257  281  271  288  307  273  249  265  491  462  485  445  499  500  470  499  489  501  500  490  453  501  499  470  499  478  460  478  460  445  447  487  496  429  470  492  490  468 
35   31   50   43   79   0    46   39   56   52   21   55   48   29   39   145  135  180  161  149  158  187  152  141  171  150  174  161  171  161  530  546  566  565  537  544  511  544  522  540  557  552  522  572  533  382  365  351  372  354  330  386  325  355  346  363  350  371  366  374  676  674  646  694  697  690  697  669  700  692  690  700  697  694  682  365  371  335  348  383  370  339  366  391  350  395  369  398  374  369  431  453  491  445  439  418  421  423  474  412  448  424  444  481  420  337  305  333  360  306  309  341  307  334  323  339  357  323  301  315  553  525  547  510  563  562  530  563  551  562  562  554  513  562  563  514  550  525  510  524  505  493  499  536  543  484  516  535  538  514 
18   16   9    43   40   46   0    9    17   27   26   30   9    19   18   162  163  193  177  157  180  197  160  159  194  171  189  175  179  178  483  500  519  518  490  497  464  498  476  494  510  505  475  525  486  415  399  388  404  391  365  422  361  393  381  398  383  405  401  405  636  637  609  656  659  653  659  633  662  654  651  662  658  657  644  410  415  379  392  428  413  384  407  435  393  440  413  442  417  414  404  427  462  418  412  390  395  396  445  384  418  395  417  454  392  323  294  319  341  294  295  330  292  317  307  324  342  308  285  300  508  480  502  464  517  517  485  517  506  517  517  508  468  517  517  475  508  485  469  484  465  452  457  495  502  440  476  496  497  474 
19   13   18   46   41   39   9    0    26   34   21   25   17   10   22   153  153  185  168  149  171  189  151  150  184  161  180  166  171  169  490  508  527  526  498  505  472  506  483  502  518  513  483  533  494  414  398  386  403  389  364  420  359  391  380  397  382  404  399  405  639  639  611  659  661  655  661  634  664  657  654  664  661  659  646  401  406  370  383  419  404  375  398  425  383  431  403  433  407  405  403  426  462  417  411  389  394  395  444  383  418  395  415  453  391  319  289  315  338  289  291  325  288  313  303  320  338  304  281  296  517  489  511  473  526  526  494  526  515  526  526  517  477  526  526  484  518  494  478  494  475  462  466  504  512  450  485  505  507  483 
21   25   7    37   49   56   17   26   0    14   35   46   8    32   17   179  179  210  194  174  197  214  176  176  210  187  206  192  196  195  476  492  512  510  484  490  456  490  469  486  503  497  468  518  479  409  395  385  399  388  362  419  358  391  377  395  378  400  396  399  640  642  614  660  662  657  663  638  665  659  655  665  662  661  648  421  427  391  404  439  425  395  421  447  405  451  425  453  429  425  414  437  471  428  422  399  405  406  454  393  426  404  426  463  401  336  309  333  354  309  308  344  305  330  320  337  355  321  298  313  497  469  491  454  507  506  474  507  495  506  506  498  457  506  507  460  495  471  455  470  451  438  444  481  488  428  462  481  483  460 
20   27   19   23   64   52   27   34   14   0    33   57   18   36   15   186  183  218  201  183  203  223  186  183  216  193  213  199  205  202  486  501  521  519  493  498  465  499  478  494  512  505  476  526  487  395  381  371  384  374  347  405  344  378  363  380  363  386  382  384  654  656  628  675  677  671  677  652  680  673  669  680  676  675  663  417  424  387  401  434  422  391  419  444  402  446  421  450  426  421  428  452  486  443  437  414  420  421  469  408  441  419  441  478  416  350  322  346  368  322  322  358  319  344  334  351  369  335  312  327  502  475  496  461  514  511  479  513  500  511  511  504  462  511  513  462  498  472  458  471  453  441  447  483  490  432  463  482  485  461 
14   10   29   32   63   21   26   21   35   33   0    43   27   13   18   156  150  189  171  156  171  195  158  152  184  162  183  170  178  172  509  526  545  544  517  523  490  524  502  519  536  531  501  551  512  392  376  364  382  367  342  399  337  369  358  375  360  382  378  384  661  661  632  680  683  677  683  656  686  678  676  686  683  681  668  386  392  356  369  404  390  360  386  412  370  416  390  419  394  390  423  445  482  437  431  409  413  415  465  403  438  415  435  473  411  335  304  331  356  305  307  340  304  330  320  336  354  320  298  312  532  504  526  489  542  541  509  542  530  541  541  533  492  541  542  494  530  505  490  504  485  473  479  516  523  463  496  515  518  494 
44   37   39   71   27   55   30   25   46   57   43   0    39   30   47   136  142  166  150  128  156  169  131  134  169  146  161  147  150  152  484  503  521  521  492  500  467  500  477  497  512  509  478  528  490  436  419  406  426  409  385  441  380  410  401  418  404  425  421  427  620  619  590  639  642  635  642  614  644  637  634  644  642  639  627  401  405  370  383  421  404  375  394  425  382  432  403  433  406  405  379  402  439  393  387  365  370  371  421  360  394  371  392  429  367  294  264  290  313  265  266  300  263  288  278  295  313  279  256  271  517  489  511  472  526  526  496  526  515  527  527  517  479  528  526  492  524  502  484  501  483  468  471  510  519  454  493  514  513  491 
14   17   2    36   47   48   9    17   8    18   27   39   0    23   12   171  170  202  186  166  188  206  169  168  202  179  197  183  188  187  483  499  518  517  490  496  463  497  475  492  509  504  474  524  485  409  394  383  398  386  360  417  356  389  375  393  377  399  395  399  641  643  615  662  664  658  664  639  667  660  657  667  664  662  650  413  419  382  396  431  417  387  412  439  397  443  416  445  421  417  412  435  470  426  420  397  403  404  453  392  425  403  424  461  399  332  304  328  350  304  304  339  301  326  316  333  351  317  294  309  505  477  499  462  515  514  482  514  503  514  514  505  465  514  514  469  504  479  464  479  460  447  452  490  497  436  470  490  492  468 
17   9    25   42   51   29   19   10   32   36   13   30   23   0    22   149  147  182  165  147  166  187  150  146  179  156  177  163  169  165  501  518  537  537  509  516  482  516  494  512  528  524  493  544  505  405  389  377  395  380  355  411  350  381  371  388  373  395  391  397  649  648  620  668  671  664  670  643  673  666  663  673  670  668  656  391  396  360  373  409  394  365  389  416  374  421  394  423  398  395  410  432  469  424  418  396  401  402  452  390  425  402  422  460  398  323  292  319  343  293  295  328  292  318  307  324  342  308  285  300  527  499  521  483  536  536  504  536  525  536  536  527  487  536  536  493  527  503  487  502  484  471  476  513  521  459  494  514  515  492 
5    12   14   24   59   39   18   22   17   15   18   47   12   22   0    171  168  204  187  169  188  209  172  168  201  178  199  185  191  188  494  510  529  528  501  507  474  508  487  503  520  515  485  535  496  396  381  370  386  373  347  404  343  376  363  380  364  386  383  386  654  655  627  674  677  671  677  651  680  672  669  680  676  675  662  405  411  374  388  422  409  379  405  431  389  434  408  437  413  408  423  446  481  437  431  409  414  415  464  403  437  414  436  473  411  341  311  337  360  312  313  347  310  335  325  342  360  326  303  318  514  487  508  472  525  523  491  524  512  523  523  515  474  523  524  475  511  486  471  485  466  454  460  497  504  444  477  496  499  475 
166  159  171  187  155  145  162  153  179  186  156  136  171  149  171  0    38   35   16   31   25   46   33   6    35   15   28   18   38   16   578  603  618  622  588  601  567  600  572  600  610  612  578  627  591  480  457  438  474  441  423  474  416  433  441  454  448  467  461  479  644  628  601  654  661  649  657  622  660  651  653  660  662  654  641  311  308  280  290  339  309  287  287  328  284  344  307  340  307  316  357  373  422  370  364  348  346  349  403  343  383  357  369  407  352  234  193  227  266  197  208  226  208  237  227  239  252  222  207  215  634  604  628  584  638  642  615  639  631  645  644  630  598  646  639  624  651  632  612  632  613  597  597  639  649  579  623  646  642  621 
163  156  171  179  165  135  163  153  179  183  150  142  170  147  168  38   0    66   48   68   29   79   70   32   39   27   58   54   76   43   604  627  643  646  614  625  591  624  598  624  635  636  602  652  615  446  422  403  440  406  389  439  381  397  406  419  415  433  426  446  681  666  639  692  699  686  695  660  698  688  691  698  699  692  679  279  278  248  259  306  278  254  261  298  254  312  277  309  278  284  396  412  460  408  402  386  384  387  442  382  421  396  407  445  390  272  230  265  304  235  246  263  246  275  265  277  290  260  246  253  653  623  647  604  659  662  633  659  650  663  663  650  616  664  659  634  664  643  625  643  625  610  612  652  661  594  635  656  655  633 
199  191  203  221  181  180  193  185  210  218  189  166  202  182  204  35   66   0    20   39   39   13   38   41   38   39   8    19   24   23   586  612  626  631  596  610  576  608  580  610  618  622  587  635  600  513  489  470  507  473  456  505  448  464  473  486  482  500  493  512  631  612  585  639  647  633  642  605  645  636  639  645  648  639  626  317  312  287  296  347  313  294  286  330  287  350  312  344  309  323  337  351  401  349  343  329  325  328  383  325  364  339  348  385  333  208  165  200  241  170  184  197  184  213  203  213  225  197  185  190  649  618  643  597  651  657  631  653  646  660  659  644  614  662  653  646  670  653  633  654  635  618  617  659  670  598  645  668  663  643 
182  174  186  203  168  161  177  168  194  201  171  150  186  165  187  16   48   20   0    33   24   31   33   21   29   21   12   7    29   5    584  609  624  628  594  607  573  606  578  606  616  618  584  633  597  494  470  451  487  454  437  487  429  446  454  467  462  481  474  493  640  623  596  650  657  644  653  617  656  646  649  656  658  649  637  311  307  280  290  340  308  287  284  326  282  343  306  339  305  316  350  365  414  362  356  341  338  341  396  337  376  351  361  399  345  224  182  217  256  187  199  214  198  228  218  229  242  212  199  205  643  612  637  592  646  651  624  647  640  653  653  639  607  655  647  635  661  643  623  644  625  609  608  650  660  589  635  657  653  633 
165  157  166  188  142  149  157  149  174  183  156  128  166  147  169  31   68   39   33   0    54   40   3    36   62   46   38   26   21   38   551  576  591  595  561  574  540  573  545  573  583  585  551  600  564  502  479  461  495  464  446  497  438  458  463  477  470  489  483  499  613  597  570  623  630  618  626  591  629  620  622  629  631  623  610  342  339  311  321  370  339  318  316  358  314  375  338  370  337  347  328  345  392  341  334  318  316  319  374  313  353  327  340  378  322  208  168  202  238  172  182  203  181  210  199  213  227  195  179  188  611  580  605  559  614  619  593  615  608  621  621  606  576  623  615  606  631  613  593  614  596  579  577  619  630  558  605  628  623  603 
183  175  189  201  176  158  180  171  197  203  171  156  188  166  188  25   29   39   24   54   0    53   55   23   13   10   31   32   54   19   603  628  643  647  613  626  592  625  597  625  635  637  603  652  616  475  451  431  469  434  417  466  409  425  435  447  443  462  455  475  665  648  621  674  682  669  677  642  680  671  674  680  682  674  661  287  284  256  266  316  285  263  262  303  259  320  283  315  282  293  375  390  439  387  381  366  363  366  420  362  401  376  386  423  370  247  205  240  280  210  223  237  223  252  242  253  265  236  223  229  658  628  653  608  663  667  639  664  656  669  668  655  622  670  664  646  674  654  636  655  636  620  621  662  672  603  646  668  665  644 
204  196  207  227  182  187  197  189  214  223  195  169  206  187  209  46   79   13   31   40   53   0    38   52   51   52   21   28   19   35   578  604  618  623  588  602  569  601  572  603  610  615  579  628  593  525  502  482  519  485  468  518  460  477  485  499  494  512  506  524  618  599  572  626  634  620  629  592  632  623  626  632  635  626  613  329  323  299  308  360  325  307  297  342  299  362  323  355  321  335  323  338  388  335  329  315  311  315  369  311  351  326  335  372  320  194  151  187  228  157  170  183  170  199  189  200  212  183  171  176  644  613  638  591  646  652  627  647  641  655  654  639  610  657  647  644  667  651  630  652  633  616  614  656  667  594  643  666  660  641 
167  159  169  191  144  152  160  151  176  186  158  131  169  150  172  33   70   38   33   3    55   38   0    38   62   47   37   26   19   38   551  576  591  595  561  574  540  573  545  574  583  586  551  600  564  505  482  464  498  467  448  500  441  461  466  480  473  492  486  502  611  595  568  621  628  616  624  589  627  618  620  627  629  621  608  343  340  312  322  371  340  319  317  359  315  376  339  371  338  348  325  342  390  338  332  316  314  317  371  311  351  325  337  375  320  205  166  199  236  169  179  200  178  207  197  210  224  193  177  185  611  581  606  560  614  619  593  616  608  622  621  607  576  624  615  607  632  615  594  615  597  580  579  621  631  559  606  630  625  605 
163  155  169  183  153  141  159  150  176  183  152  134  168  146  168  6    32   41   21   36   23   52   38   0    35   13   33   24   44   20   580  605  620  624  590  603  569  602  574  602  612  614  580  629  593  474  451  432  467  435  417  468  409  427  434  448  442  461  454  473  649  633  606  660  667  654  663  628  665  656  659  665  667  659  647  307  305  276  287  335  305  283  284  324  280  340  304  336  304  313  363  379  427  376  369  354  352  355  409  349  389  363  375  413  358  240  199  233  272  204  214  233  214  243  233  245  258  228  213  221  635  605  629  585  639  643  616  640  632  645  645  631  599  647  640  623  651  631  612  632  613  597  598  638  648  579  623  645  642  621 
196  188  203  214  189  171  194  184  210  216  184  169  202  179  201  35   39   38   29   62   13   51   62   35   0    23   31   37   57   24   613  638  653  657  623  636  602  635  607  635  645  647  613  662  626  482  458  437  477  440  425  473  417  431  442  454  451  469  462  483  668  650  623  677  685  671  680  643  683  673  677  683  685  677  664  281  277  251  260  311  278  258  254  296  252  314  277  309  275  287  375  389  439  387  381  367  363  366  421  363  402  377  386  423  371  245  202  238  279  208  221  233  222  250  241  251  262  235  223  228  670  640  664  619  674  678  651  675  667  680  680  666  634  682  675  659  686  667  648  667  649  633  633  674  684  615  659  681  678  657 
173  166  180  193  166  150  171  161  187  193  162  146  179  156  178  15   27   39   21   46   10   52   47   13   23   0    31   27   49   16   593  618  633  637  603  616  582  615  587  615  625  627  593  642  606  473  450  430  467  433  416  466  408  425  434  447  442  460  454  473  658  642  615  668  676  663  671  636  674  665  668  674  676  668  655  296  293  264  275  324  293  272  272  312  268  328  292  324  291  301  370  386  434  383  376  361  358  362  416  357  396  371  382  419  365  244  203  238  277  208  219  235  219  248  238  250  263  233  219  226  648  618  642  598  652  656  629  653  645  659  658  645  612  660  653  636  664  644  625  644  626  610  610  651  661  592  636  658  655  634 
194  186  198  215  178  174  189  180  206  213  183  161  197  177  199  28   58   8    12   38   31   21   37   33   31   31   0    14   27   15   588  613  628  632  598  611  577  610  582  611  620  623  588  637  602  505  481  461  499  464  448  497  440  456  465  478  473  492  485  504  637  618  592  646  653  640  649  612  652  642  645  652  654  645  633  312  307  281  291  342  308  289  282  326  282  345  307  339  305  318  344  358  408  356  350  336  332  335  390  331  371  346  355  392  340  215  173  208  249  178  191  205  191  220  210  221  233  205  192  198  649  619  643  598  652  657  631  653  646  660  659  645  614  662  653  644  669  652  632  652  634  617  616  658  668  597  643  666  662  642 
180  172  184  202  164  161  175  166  192  199  170  147  183  163  185  18   54   19   7    26   32   28   26   24   37   27   14   0    22   13   577  602  617  621  587  600  566  599  571  599  609  612  577  626  590  498  475  455  492  459  441  491  433  451  458  472  466  485  478  497  633  615  589  642  650  636  645  609  648  639  642  648  650  642  629  318  314  287  298  347  315  295  291  334  290  351  314  346  312  324  343  358  407  355  349  334  331  335  389  330  369  344  355  392  338  217  176  211  250  181  192  209  192  221  211  223  236  206  192  199  637  606  631  585  640  645  618  641  634  647  646  632  601  649  641  630  656  638  618  638  620  603  603  644  655  584  630  652  648  628 
187  179  188  210  163  171  179  171  196  205  178  150  188  169  191  38   76   24   29   21   54   19   19   44   57   49   27   22   0    35   562  588  602  607  572  586  552  584  556  586  594  598  563  611  576  518  495  476  511  479  461  512  454  472  478  492  486  505  498  516  611  593  566  620  628  614  623  587  626  616  620  626  628  620  607  339  334  308  318  368  335  316  309  353  310  372  334  366  332  345  320  336  385  333  326  311  309  312  366  307  347  321  332  369  316  195  154  189  228  159  170  188  170  199  189  201  214  184  170  176  626  595  620  574  628  634  608  629  623  637  636  621  591  638  629  624  648  631  611  632  614  597  595  637  648  575  623  647  641  622 
183  175  188  203  170  161  178  169  195  202  172  152  187  165  188  16   43   23   5    38   19   35   38   20   24   16   15   13   35   0    589  614  629  633  599  612  578  611  583  611  621  623  589  638  602  490  466  447  484  450  433  482  425  441  450  463  458  477  470  489  646  629  602  655  663  650  658  622  661  652  655  661  663  655  642  305  301  274  284  334  302  281  278  320  277  338  301  333  299  311  355  371  420  368  361  347  344  347  401  342  382  357  367  404  351  229  186  222  262  192  204  219  204  233  223  234  247  218  204  210  647  617  641  596  650  655  628  652  644  658  657  643  611  659  652  638  665  646  627  647  628  612  612  653  663  593  638  661  657  636 
497  499  480  508  456  530  483  490  476  486  509  484  483  501  494  578  604  586  584  551  603  578  551  580  613  593  588  577  562  589  0    37   41   52   12   37   33   32   7    48   34   56   30   52   38   838  834  831  825  834  804  860  803  844  816  835  811  833  833  820  351  401  382  391  378  394  391  403  392  394  375  392  376  393  386  881  882  850  862  904  882  856  865  902  858  913  881  912  882  886  426  447  422  432  432  413  431  427  421  410  399  405  430  436  408  505  524  510  481  516  498  536  493  487  486  497  509  497  481  495  150  129  148  105  123  150  162  132  144  161  157  128  159  168  131  282  244  270  243  278  273  248  218  251  272  202  272  298  261  272 
513  515  497  522  475  546  500  508  492  501  526  503  499  518  510  603  627  612  609  576  628  604  576  605  638  618  613  602  588  614  37   0    24   19   25   2    36   5    38   15   15   19   25   25   14   842  839  838  829  840  811  866  810  852  822  841  816  838  838  823  383  435  417  423  410  427  424  437  424  427  407  424  408  426  419  902  904  871  883  924  904  877  888  924  880  934  903  934  904  907  462  484  459  468  469  450  468  464  458  446  437  441  466  473  445  539  557  544  516  549  530  569  526  521  520  531  544  530  514  528  116  100  115  80   88   115  133  96   111  127  123  94   132  134  95   256  214  242  216  250  248  224  193  223  243  180  245  270  233  245 
532  534  516  542  493  566  519  527  512  521  545  521  518  537  529  618  643  626  624  591  643  618  591  620  653  633  628  617  602  629  41   24   0    20   30   27   55   23   46   38   9    36   45   13   38   865  862  860  852  863  833  888  833  874  845  864  839  861  861  847  368  422  405  409  395  413  409  424  409  412  392  409  392  411  405  920  921  888  900  942  921  894  904  941  897  951  919  951  921  924  464  484  457  469  470  452  470  466  457  449  437  443  467  472  447  546  565  551  522  557  538  576  534  528  527  538  550  538  522  536  134  121  134  103  103  131  152  112  129  143  139  111  153  150  111  277  233  263  238  271  269  246  215  242  262  202  266  290  252  266 
531  533  515  540  494  565  518  526  510  519  544  521  517  537  528  622  646  631  628  595  647  623  595  624  657  637  632  621  607  633  52   19   20   0    40   21   55   22   55   26   19   18   44   11   31   858  855  854  844  856  826  881  826  868  838  856  831  853  853  839  388  442  425  429  415  433  429  444  429  432  413  429  413  431  425  921  923  890  902  943  923  895  907  943  899  952  921  952  923  926  478  499  474  484  484  466  484  480  473  463  452  457  482  488  461  557  575  562  534  567  549  587  544  539  538  549  561  548  532  546  114  102  114  87   82   111  133  91   109  123  119  91   135  130  90   258  213  243  219  252  251  228  196  223  242  185  247  271  233  248 
504  506  488  515  464  537  490  498  484  493  517  492  490  509  501  588  614  596  594  561  613  588  561  590  623  603  598  587  572  599  12   25   30   40   0    26   32   20   16   37   23   44   25   40   29   842  838  836  828  838  809  864  808  849  820  839  815  837  837  824  359  410  392  400  387  403  400  413  400  403  384  400  384  402  395  890  891  859  871  913  891  865  875  911  867  922  890  921  891  895  438  459  434  444  444  426  444  439  433  422  412  417  442  448  421  517  536  522  494  528  509  548  505  499  498  509  521  509  493  507  140  121  139  98   113  140  154  121  135  151  148  118  152  158  120  275  236  263  236  271  267  243  212  244  264  197  265  291  254  265 
511  513  494  520  473  544  497  505  490  498  523  500  496  516  507  601  625  610  607  574  626  602  574  603  636  616  611  600  586  612  37   2    27   21   26   0    34   6    38   13   18   18   23   28   11   840  837  835  826  838  808  863  808  849  819  838  813  835  835  821  384  436  418  425  412  429  425  438  425  428  409  425  409  427  421  900  902  869  881  922  902  874  886  922  878  931  900  931  902  905  462  483  459  468  468  449  467  463  458  446  436  441  466  473  444  538  555  543  515  547  529  568  524  520  519  530  543  529  513  527  115  98   114  78   87   114  131  95   110  126  122  92   130  132  94   253  212  240  214  248  245  222  191  221  241  177  243  268  231  243 
477  479  461  487  439  511  464  472  456  465  490  467  463  482  474  567  591  576  573  540  592  569  540  569  602  582  577  566  552  578  33   36   55   55   32   34   0    33   27   34   46   46   11   61   24   810  807  805  797  807  778  833  777  819  789  808  784  806  805  792  381  429  410  421  409  424  421  431  422  424  405  422  406  423  415  866  868  835  847  888  867  840  852  888  844  898  866  897  868  871  436  459  437  443  443  423  441  437  435  420  412  415  441  450  419  507  524  512  486  516  498  538  493  489  488  500  513  498  481  496  124  100  122  73   102  126  133  110  119  136  133  104  128  143  109  250  215  238  211  246  241  216  186  221  241  169  240  266  231  240 
511  513  495  521  473  544  498  506  490  499  524  500  497  516  508  600  624  608  606  573  625  601  573  602  635  615  610  599  584  611  32   5    23   22   20   6    33   0    33   19   14   24   22   27   15   842  839  837  828  840  810  865  810  851  821  840  816  838  837  823  378  430  412  419  405  423  419  432  419  422  403  419  403  421  414  900  902  868  881  922  901  874  886  921  878  931  900  931  902  904  458  479  454  464  464  445  463  459  453  442  432  436  462  468  440  534  553  539  512  544  526  565  521  516  515  526  539  526  510  524  121  104  120  83   93   120  137  101  116  132  128  98   135  138  100  259  218  246  220  254  251  228  196  227  247  183  249  274  237  249 
490  491  473  501  449  522  476  483  469  478  502  477  475  494  487  572  598  580  578  545  597  572  545  574  607  587  582  571  556  583  7    38   46   55   16   38   27   33   0    47   39   56   25   56   36   830  826  823  817  826  796  852  796  837  808  827  803  825  825  812  355  404  385  395  382  398  395  406  396  398  379  396  380  397  390  875  876  843  855  897  875  849  859  896  852  906  874  905  876  879  424  445  421  430  430  411  429  425  420  408  398  403  428  435  406  501  520  506  478  512  493  532  489  483  482  493  506  493  477  491  147  125  145  100  122  148  158  130  142  159  155  126  154  165  129  277  240  265  238  273  268  243  213  247  267  196  267  293  257  267 
506  509  490  515  470  540  494  502  486  494  519  497  492  512  503  600  624  610  606  573  625  603  574  602  635  615  611  599  586  611  48   15   38   26   37   13   34   19   47   0    30   12   25   36   11   832  829  828  818  830  800  855  800  842  812  830  805  827  827  812  397  448  430  437  424  441  438  450  438  441  422  438  422  440  433  898  900  866  879  919  899  872  885  920  876  929  898  929  900  902  469  491  468  475  475  456  474  470  466  453  444  448  473  481  451  542  559  547  520  551  533  572  528  524  523  534  547  533  516  531  102  85   101  65   75   102  118  83   97   113  110  80   117  120  82   240  199  227  201  235  232  209  178  208  228  164  230  255  218  230 
523  525  507  533  484  557  510  518  503  512  536  512  509  528  520  610  635  618  616  583  635  610  583  612  645  625  620  609  594  621  34   15   9    19   23   18   46   14   39   30   0    31   35   17   29   856  853  851  842  853  824  879  823  865  835  854  829  852  851  837  371  424  406  411  398  416  412  426  412  415  395  412  395  414  407  911  912  880  892  933  912  885  896  932  889  943  911  942  912  916  460  481  455  466  466  448  466  462  454  444  433  439  464  469  443  540  559  545  516  551  532  571  528  522  521  532  544  532  516  530  129  114  129  96   99   128  147  108  124  139  135  106  147  146  107  270  228  257  231  265  263  240  208  237  257  195  260  284  247  260 
518  520  502  526  481  552  505  513  497  505  531  509  504  524  515  612  636  622  618  585  637  615  586  614  647  627  623  612  598  623  56   19   36   18   44   18   46   24   56   12   31   0    37   30   22   841  838  837  827  840  810  865  810  852  821  840  814  836  837  821  401  454  436  442  428  446  442  456  442  445  426  442  426  444  438  910  912  878  891  931  911  884  897  932  888  941  910  941  912  914  480  501  478  486  486  467  485  481  476  463  454  459  484  491  462  554  571  558  532  563  545  584  540  536  534  546  559  545  528  543  98   84   98   68   69   97   116  77   93   109  105  75   117  115  76   240  197  226  201  235  233  210  178  206  226  166  230  254  216  230 
488  490  472  498  450  522  475  483  468  476  501  478  474  493  485  578  602  587  584  551  603  579  551  580  613  593  588  577  563  589  30   25   45   44   25   23   11   22   25   25   35   37   0    50   14   821  817  815  807  818  788  843  788  829  800  818  794  816  816  802  380  430  411  420  408  424  421  432  421  423  405  421  406  423  415  877  879  846  858  899  879  852  863  899  855  909  877  908  879  882  444  466  443  450  450  431  449  445  441  427  419  422  448  456  426  517  534  521  495  526  508  547  503  499  497  509  522  508  491  506  122  99   119  75   97   122  133  105  116  133  130  101  129  140  104  252  215  240  213  248  243  219  188  221  242  172  242  268  231  242 
538  541  522  548  500  572  525  533  518  526  551  528  524  544  535  627  652  635  633  600  652  628  600  629  662  642  637  626  611  638  52   25   13   11   40   28   61   27   56   36   17   30   50   0    39   867  865  863  853  866  836  891  836  877  847  866  841  863  863  848  380  434  418  421  406  425  421  437  421  424  404  421  404  423  417  927  929  896  908  949  928  902  913  949  905  959  927  958  929  932  477  497  471  482  483  465  483  479  471  462  450  456  480  485  460  558  577  563  534  568  550  588  545  540  539  550  562  550  534  548  124  113  124  98   92   121  144  101  119  133  129  101  146  140  100  269  223  254  230  263  261  239  207  233  253  196  258  281  243  258 
499  502  483  508  462  533  486  494  479  487  512  490  485  505  496  591  615  600  597  564  616  593  564  593  626  606  602  590  576  602  38   14   38   31   29   11   24   15   36   11   29   22   14   39   0    828  825  823  814  826  796  851  796  838  807  826  801  824  823  809  388  439  420  429  416  432  429  441  429  432  413  429  413  431  424  890  891  858  871  911  891  864  876  911  868  921  890  921  892  894  458  479  456  464  464  445  463  459  455  441  433  436  462  470  440  531  548  536  509  540  522  561  517  513  512  523  536  522  505  520  111  92   110  70   85   112  125  93   106  123  119  90   123  129  93   246  207  234  207  242  238  214  183  215  235  169  236  262  225  236 
397  401  410  373  455  382  415  414  409  395  392  436  409  405  396  480  446  513  494  502  475  525  505  474  482  473  505  498  518  490  838  842  865  858  842  840  810  842  830  832  856  841  821  867  828  0    30   56   14   54   58   41   67   79   41   35   32   14   23   25   1048 1052 1024 1070 1072 1067 1073 1048 1075 1068 1064 1075 1071 1071 1058 417  439  409  419  400  433  405  471  448  437  421  434  439  448  415  813  834  874  827  821  800  803  805  856  794  830  807  825  863  802  709  671  703  736  674  681  706  680  708  698  712  728  695  676  687  803  785  797  781  825  812  774  821  803  807  809  813  760  804  822  700  756  717  717  712  696  698  720  737  734  714  707  711  734  705 
381  385  396  358  439  365  399  398  395  381  376  419  394  389  381  457  422  489  470  479  451  502  482  451  458  450  481  475  495  466  834  839  862  855  838  837  807  839  826  829  853  838  817  865  825  30   0    25   36   23   34   26   41   49   18   5    26   16   7    49   1035 1037 1009 1056 1058 1052 1059 1033 1061 1054 1051 1061 1058 1057 1044 387  408  379  389  370  403  374  441  418  406  391  404  408  418  385  794  815  855  808  802  781  784  786  838  776  812  788  806  844  784  687  648  681  715  652  660  683  659  687  677  691  706  674  655  666  804  785  798  780  826  813  776  822  804  808  810  814  761  806  822  706  760  722  721  717  701  702  723  742  739  716  712  718  739  710 
370  373  385  348  428  351  388  386  385  371  364  406  383  377  370  438  403  470  451  461  431  482  464  432  437  430  461  455  476  447  831  838  860  854  836  835  805  837  823  828  851  837  815  863  823  56   25   0    60   3    28   36   27   25   25   20   42   42   32   73   1025 1025 997  1045 1047 1041 1047 1020 1050 1043 1040 1050 1047 1045 1033 361  382  353  363  344  377  349  415  392  381  365  378  382  392  359  779  799  841  792  786  766  768  770  823  761  798  774  791  829  769  669  630  663  698  634  643  664  641  670  659  674  688  656  638  649  806  786  800  780  827  815  778  823  806  811  812  815  763  808  823  711  765  728  725  723  707  707  726  747  745  719  718  724  745  716 
386  391  400  362  444  372  404  403  399  384  382  426  398  395  386  474  440  507  487  495  469  519  498  467  477  467  499  492  511  484  825  829  852  844  828  826  797  828  817  818  842  827  807  853  814  14   36   60   0    59   55   53   65   85   40   41   26   20   29   13   1037 1041 1013 1059 1060 1056 1061 1037 1064 1057 1053 1064 1060 1060 1047 421  442  411  422  404  436  407  473  452  439  426  437  443  451  418  804  825  864  818  811  790  794  796  847  785  820  797  816  854  793  701  663  695  728  666  674  698  672  700  690  705  720  688  668  680  788  770  783  767  811  798  760  807  789  793  794  799  745  790  807  685  741  702  702  697  682  684  705  723  719  699  692  697  720  690 
373  376  388  351  431  354  391  389  388  374  367  409  386  380  373  441  406  473  454  464  434  485  467  435  440  433  464  459  479  450  834  840  863  856  838  838  807  840  826  830  853  840  818  866  826  54   23   3    59   0    30   32   30   26   25   18   42   40   30   72   1028 1028 1000 1048 1050 1044 1050 1023 1053 1046 1043 1053 1050 1048 1036 363  385  355  365  346  379  351  417  394  383  367  380  384  394  361  782  802  844  796  789  769  771  774  826  764  801  777  794  832  772  673  633  667  701  637  646  668  644  673  663  677  692  660  641  652  808  788  802  783  829  817  780  825  808  813  814  817  765  810  826  713  767  730  727  725  708  708  728  749  747  721  719  726  746  717 
347  351  362  325  405  330  365  364  362  347  342  385  360  355  347  423  389  456  437  446  417  468  448  417  425  416  448  441  461  433  804  811  833  826  809  808  778  810  796  800  824  810  788  836  796  58   34   28   55   30   0    57   10   50   17   33   30   44   37   65   1002 1003 975  1022 1024 1019 1025 999  1027 1020 1017 1027 1024 1023 1010 368  389  357  368  353  383  354  419  399  385  375  384  391  398  366  759  780  821  773  767  747  749  752  803  741  778  754  772  810  749  653  614  647  681  618  626  649  624  653  643  657  672  640  621  632  778  758  772  753  799  787  750  795  778  783  784  787  735  780  796  683  737  700  697  695  679  679  698  719  717  691  690  696  716  688 
404  408  419  382  462  386  422  420  419  405  399  441  417  411  404  474  439  505  487  497  466  518  500  468  473  466  497  491  512  482  860  866  888  881  864  863  833  865  852  855  879  865  843  891  851  41   26   36   53   32   57   0    61   47   43   25   51   34   29   65   1059 1060 1031 1079 1081 1075 1082 1055 1084 1077 1074 1084 1081 1080 1067 386  408  380  389  367  402  375  442  416  408  388  403  406  417  383  814  835  876  828  822  802  804  806  858  797  833  809  827  865  805  706  666  699  734  670  679  700  677  706  696  710  724  693  674  685  830  811  825  807  852  840  802  848  831  835  836  840  787  832  848  732  786  748  747  743  727  728  749  768  765  742  738  744  765  736 
343  346  358  321  401  325  361  359  358  344  337  380  356  350  343  416  381  448  429  438  409  460  441  409  417  408  440  433  454  425  803  810  833  826  808  808  777  810  796  800  823  810  788  836  796  67   41   27   65   30   10   61   0    45   26   38   40   53   45   75   998  998  970  1018 1020 1014 1021 994  1023 1016 1013 1023 1020 1018 1006 358  378  347  358  343  373  343  409  389  375  364  374  381  387  356  754  774  815  767  761  741  743  746  797  736  772  748  766  804  744  646  607  640  674  611  619  642  618  646  636  650  665  633  614  625  779  759  773  753  800  789  751  796  779  784  786  788  736  782  797  686  739  702  699  698  681  681  700  722  720  692  692  699  719  690 
