200
0    8    16   27   58   35   18   19   21   20   14   44   14   17   5    8    42   27   7    32   183  204  167  163  196  173  194  180  187  183  210  173  180  161  199  173  194  178  210  163  523  518  488  538  499  509  501  496  524  494  524  475  522  477  516  498  527  508  505  533  390  369  413  366  365  359  363  370  327  341  372  351  366  361  378  377  361  356  358  413  674  679  681  661  687  635  674  649  672  657  662  661  691  667  664  651  650  653  684  646  385  402  416  403  408  412  440  418  382  431  411  443  407  394  396  403  411  407  397  407  417  423  415  441  454  423  392  442  421  412  426  438  390  408  446  400  453  416  439  407  312  337  367  334  314  384  313  287  324  313  335  321  326  342  327  333  319  327  331  374  527  518  515  482  486  495  528  481  527  514  528  527  491  527  520  527  477  494  527  527  508  501  439  508  457  474  459  495  506  525  491  466  450  516  524  497  509  494  482  463 
8    0    19   34   54   31   16   13   25   27   10   37   17   9    12   17   47   20   2    35   175  196  159  155  188  166  186  172  179  175  202  165  172  153  191  165  186  170  202  155  525  520  490  541  502  512  503  497  526  496  526  478  523  479  518  500  529  510  507  536  394  372  417  369  369  362  367  372  330  344  376  354  370  364  381  381  365  360  362  417  670  676  678  658  684  632  671  646  669  654  658  657  688  663  661  648  647  650  681  643  380  398  412  398  404  407  436  413  376  427  407  438  403  389  391  398  406  402  393  403  411  417  409  435  449  418  387  437  415  407  422  433  384  403  441  395  448  411  433  402  305  330  360  327  308  377  306  280  317  306  328  314  319  335  320  326  312  321  324  367  531  522  519  486  490  499  532  485  531  517  531  531  494  531  524  531  480  498  531  532  513  506  444  513  462  479  464  501  511  530  496  471  455  521  530  502  514  499  487  469 
16   19   0    38   45   50   9    18   7    19   29   39   2    25   14   18   57   27   17   16   189  207  169  169  203  180  198  184  188  188  215  177  183  164  203  177  201  182  215  169  507  502  472  522  483  493  485  479  508  477  507  459  505  461  500  482  511  492  489  517  403  384  428  380  379  373  377  385  342  356  386  365  379  375  392  391  376  369  372  427  659  664  666  647  672  621  660  635  658  642  647  647  676  652  650  636  636  639  669  632  399  417  431  416  423  426  455  432  395  446  426  457  422  408  410  417  425  421  412  422  405  412  403  431  442  411  381  430  409  400  414  427  379  395  434  389  441  405  428  396  306  332  361  327  307  379  306  280  317  306  328  314  320  336  322  326  313  318  324  366  512  503  500  467  471  480  513  466  512  498  512  512  475  512  505  512  461  479  512  513  494  488  425  495  444  460  446  482  492  511  478  453  437  503  511  484  496  480  468  450 
27   34   38   0    83   43   43   46   37   23   32   71   36   42   24   19   21   54   34   48   201  227  191  183  214  193  215  202  210  203  231  194  203  184  220  193  212  199  230  183  533  526  498  548  508  517  510  506  531  504  534  484  532  489  526  507  536  516  514  540  365  348  391  342  341  336  340  349  305  319  348  328  342  338  355  353  338  332  334  389  697  701  704  685  710  658  697  673  696  680  685  684  714  690  688  674  674  677  707  669  386  403  418  407  408  414  440  420  385  431  411  445  407  396  397  405  415  408  396  408  443  449  441  468  480  449  419  468  447  438  452  465  416  433  472  427  479  442  465  434  339  364  394  361  341  411  340  314  351  340  362  348  353  369  354  360  346  354  358  401  532  522  519  485  488  497  533  485  531  520  532  532  495  531  525  532  482  499  530  529  505  498  437  506  456  471  455  492  503  524  487  463  447  511  521  492  506  491  481  460 
58   54   45   83   0    79   40   41   49   64   63   27   47   51   59   63   101  40   53   43   176  182  144  153  189  166  178  164  163  170  195  158  158  142  183  159  188  163  197  153  484  481  450  500  462  474  464  456  489  454  484  438  481  436  478  460  490  472  468  499  448  426  471  424  423  416  421  427  385  398  430  409  424  419  435  435  419  414  416  471  616  621  623  604  629  577  617  592  615  599  604  603  634  609  606  593  592  595  626  589  411  430  442  424  437  437  469  444  404  460  439  468  436  420  423  428  434  434  426  435  359  366  358  385  396  365  336  384  364  354  368  381  333  350  389  343  395  359  382  350  264  290  318  283  263  337  264  236  273  264  285  270  278  294  282  282  271  273  280  322  499  490  487  455  460  469  499  453  499  481  499  499  462  499  491  499  448  465  500  505  493  487  423  492  441  460  447  481  491  506  479  453  437  505  511  486  495  479  464  451 
35   31   50   43   79   0    46   39   56   52   21   55   48   29   39   40   42   39   33   66   158  187  152  141  171  150  174  161  171  161  189  152  164  144  178  152  169  157  188  141  557  552  522  572  533  543  535  529  558  527  557  509  554  510  550  532  561  542  538  567  376  349  394  349  350  341  347  349  309  322  357  334  351  344  361  361  344  342  343  397  693  700  701  680  707  655  694  668  692  677  681  680  712  686  683  671  669  672  704  666  350  367  381  368  373  377  405  383  347  396  376  408  372  359  361  368  377  372  362  372  428  431  425  448  465  434  402  453  432  424  440  449  398  420  458  411  466  427  448  419  310  335  365  336  317  382  312  288  326  312  335  321  324  340  323  333  317  333  333  377  562  553  550  517  521  530  563  516  562  548  562  562  525  562  555  562  512  529  562  562  542  536  474  543  492  508  493  530  540  560  525  501  485  550  559  531  543  528  517  498 
18   16   9    43   40   46   0    9    17   27   26   30   9    19   18   23   60   18   14   22   180  197  160  159  194  171  189  175  179  178  205  168  173  155  194  168  192  173  206  159  510  505  475  525  486  497  488  482  511  480  510  462  508  463  503  485  514  495  492  521  408  387  431  384  383  377  381  388  345  359  390  369  384  379  396  395  379  374  376  431  656  661  663  643  669  617  656  631  654  639  644  643  673  649  646  633  632  635  666  628  393  412  425  410  418  420  450  427  389  441  421  451  417  403  405  411  419  416  407  417  399  406  397  424  436  405  375  424  403  395  409  421  373  390  429  383  436  399  421  390  298  323  352  319  299  370  298  272  309  298  320  306  311  328  314  318  305  311  316  358  517  508  505  472  476  485  517  471  517  502  517  517  480  517  509  517  466  483  517  518  501  494  432  501  450  467  453  489  499  517  485  460  444  510  518  491  502  487  474  457 
19   13   18   46   41   39   9    0    26   34   21   25   17   10   22   27   60   9    12   31   171  189  151  150  184  161  180  166  171  169  196  159  165  146  185  159  182  164  197  150  518  513  483  533  494  505  496  489  519  488  518  470  515  471  511  493  522  503  500  529  407  384  429  382  382  375  380  385  343  357  389  367  383  377  394  394  377  373  375  429  658  663  665  645  671  619  658  633  657  641  646  645  676  651  648  635  634  637  668  630  384  403  416  400  409  411  441  417  380  432  412  442  408  393  396  402  410  407  398  408  398  404  396  422  436  405  374  424  403  394  409  420  371  390  428  382  435  398  420  389  293  318  348  315  295  365  294  268  305  294  316  302  307  323  308  314  300  308  312  355  526  517  514  481  485  494  526  480  526  510  526  526  489  526  518  526  475  492  526  528  511  504  441  511  460  477  463  498  509  526  495  470  453  520  528  501  512  497  484  467 
21   25   7    37   49   56   17   26   0    14   35   46   8    32   17   19   57   35   23   11   197  214  176  176  210  187  206  192  196  195  222  185  190  172  211  185  208  190  223  176  503  497  468  518  479  488  480  475  503  473  503  454  501  457  495  477  506  487  484  512  402  384  428  379  378  373  377  386  342  356  385  365  378  375  392  390  375  368  371  426  660  664  667  648  673  621  660  636  659  643  648  647  677  653  651  637  637  640  670  632  405  423  437  423  429  432  461  439  402  452  432  464  428  415  417  423  432  428  418  428  408  416  407  435  445  414  385  433  412  403  416  430  383  398  437  392  444  408  431  399  312  337  366  332  312  384  312  285  322  312  333  319  325  342  328  331  319  322  329  371  506  497  494  461  465  474  507  460  506  493  507  506  469  506  499  506  456  473  506  506  487  481  418  488  437  453  439  475  485  504  471  446  430  496  504  477  489  474  462  443 
20   27   19   23   64   52   27   34   14   0    33   57   18   36   15   12   44   43   26   25   203  223  186  183  216  193  213  199  205  202  230  192  199  180  218  192  214  197  230  183  512  505  476  526  487  496  489  484  510  482  512  463  510  466  504  486  515  495  492  520  387  371  414  365  363  359  363  372  328  342  371  350  364  361  377  376  361  354  357  412  674  678  681  662  687  636  675  651  673  657  662  662  691  667  665  651  651  654  684  646  402  419  434  421  425  429  457  435  400  448  428  460  424  411  413  420  429  424  413  424  423  430  421  449  460  429  399  448  427  418  431  445  397  413  452  407  459  422  446  414  325  351  380  346  326  398  325  299  336  325  347  333  339  355  341  345  332  337  343  385  512  503  500  466  470  479  513  466  512  500  513  512  476  512  506  512  462  479  511  511  490  483  421  491  440  455  441  477  488  508  472  448  432  497  506  478  491  476  465  445 
14   10   29   32   63   21   26   21   35   33   0    43   27   13   18   21   41   26   12   45   171  195  158  152  184  162  183  170  178  172  200  162  171  152  188  162  182  167  199  152  536  531  501  551  512  522  514  508  537  506  536  488  534  490  529  511  540  521  518  546  386  362  407  361  361  353  358  363  321  335  368  345  361  356  372  372  356  352  354  408  680  685  687  667  693  641  680  655  678  663  667  666  697  672  670  657  656  659  690  652  370  388  402  389  394  397  426  404  367  417  397  429  393  380  382  388  397  393  383  393  419  424  417  441  456  425  394  444  423  415  430  440  390  410  449  402  456  418  440  410  309  334  364  332  313  381  310  284  322  310  332  318  323  339  323  330  316  327  329  372  541  532  529  496  500  509  542  495  541  527  541  541  504  541  534  541  491  508  541  541  522  515  453  522  472  488  473  509  520  539  505  480  464  530  538  511  523  508  496  478 
44   37   39   71   27   55   30   25   46   57   43   0    39   30   47   52   84   17   37   46   156  169  131  134  169  146  161  147  150  152  179  141  145  127  166  141  168  146  180  134  512  509  478  528  490  502  491  484  516  482  512  466  509  464  506  488  518  499  496  527  429  404  449  403  404  395  401  404  364  377  411  388  405  398  415  415  398  395  397  451  638  644  645  625  652  599  639  613  637  622  626  625  656  631  628  615  614  617  649  611  384  403  415  397  409  410  441  417  377  432  412  441  408  393  396  401  407  407  399  408  375  380  373  398  412  381  350  400  379  371  386  397  347  367  405  358  412  374  396  366  268  293  323  290  270  341  269  243  280  269  291  277  282  298  283  289  275  284  287  330  526  517  514  481  486  496  526  480  526  508  526  526  489  526  518  526  475  492  526  530  517  510  447  516  465  483  470  505  515  531  502  477  460  528  534  509  519  503  489  474 
14   17   2    36   47   48   9    17   8    18   27   39   0    23   12   16   55   27   15   18   188  206  169  168  202  179  197  183  188  187  214  177  182  164  202  176  200  182  215  168  509  504  474  524  485  495  487  481  510  480  510  461  507  463  502  484  513  494  491  519  401  382  426  378  377  371  375  383  340  354  384  363  378  373  390  389  374  368  370  425  661  666  668  649  674  623  662  637  660  644  649  649  678  654  652  638  638  641  671  634  397  415  429  415  421  424  453  430  393  444  424  455  420  406  408  415  423  420  410  420  407  414  405  432  444  413  383  432  411  402  416  429  381  397  436  391  443  406  429  398  307  332  361  328  308  380  307  281  318  307  329  315  321  337  323  327  314  319  325  367  514  505  502  469  473  482  515  468  514  500  514  514  477  514  507  514  463  481  514  515  496  489  427  496  446  462  448  484  494  513  480  455  439  505  513  486  497  482  470  452 
17   9    25   42   51   29   19   10   32   36   13   30   23   0    22   26   54   13   10   40   166  187  150  146  179  156  177  163  169  165  193  156  163  144  181  155  177  161  193  146  528  524  493  544  505  515  506  500  530  498  528  481  526  481  521  503  533  514  510  540  399  375  420  373  374  366  371  375  334  347  380  358  374  368  385  385  368  365  367  421  667  673  674  654  681  628  668  642  666  651  655  654  685  660  657  644  643  646  677  640  374  393  406  391  399  401  431  408  370  422  402  432  398  384  386  392  400  397  388  398  406  411  404  428  443  412  381  431  410  402  417  427  378  397  436  389  443  405  427  397  297  322  352  320  300  369  298  272  310  298  320  306  311  327  311  318  304  314  317  360  536  527  524  491  495  504  536  490  536  521  536  536  499  536  528  536  485  502  536  537  520  513  450  520  469  486  471  507  518  536  503  478  462  529  536  509  521  506  493  476 
5    12   14   24   59   39   18   22   17   15   18   47   12   22   0    5    42   31   11   29   188  209  172  168  201  178  199  185  191  188  215  178  185  166  204  177  199  183  215  168  520  515  485  535  496  506  498  493  520  491  521  472  519  475  513  495  524  505  502  530  389  369  414  365  364  359  363  370  327  341  372  350  365  361  377  377  361  355  358  412  674  678  681  662  687  635  674  650  672  657  662  661  691  667  664  651  650  653  684  646  389  406  421  407  412  416  444  422  386  435  415  447  411  398  400  407  416  411  401  412  418  424  416  443  455  424  394  443  422  413  427  440  391  409  448  402  454  418  440  409  315  341  370  337  317  388  316  290  327  316  338  324  329  345  330  336  322  329  334  377  524  514  511  478  482  491  525  477  523  510  524  524  487  523  517  524  473  490  523  523  503  496  434  504  453  469  454  491  501  521  486  461  445  511  520  492  504  489  478  459 
8    17   18   19   63   40   23   27   19   12   21   52   16   26   5    0    38   35   16   31   191  213  176  172  205  182  203  189  196  191  219  182  189  170  208  181  202  187  219  172  522  516  487  537  497  507  499  494  521  492  522  473  520  476  514  496  525  506  503  531  385  366  410  361  360  355  359  367  323  337  367  346  361  357  373  373  357  351  353  408  678  682  685  666  691  639  678  654  677  661  666  665  695  671  669  655  655  657  688  650  389  407  421  409  413  417  444  423  387  435  416  448  411  399  401  408  417  412  401  412  423  429  421  448  460  429  399  448  427  418  432  445  396  413  452  407  459  422  445  414  320  346  375  342  322  393  321  295  332  321  343  329  334  350  335  341  327  334  339  382  524  514  511  478  482  491  525  478  524  511  524  524  487  523  517  524  474  491  523  523  502  496  434  503  452  468  453  490  500  520  485  460  445  510  519  491  503  488  477  458 
42   47   57   21   101  42   60   60   57   44   41   84   55   54   42   38   0    66   48   68   199  229  195  183  212  191  216  203  213  203  231  195  207  187  220  194  210  200  230  183  554  546  518  568  529  537  531  527  551  525  555  504  553  509  546  528  556  536  534  560  347  327  371  323  322  316  320  328  285  299  329  308  323  318  335  334  319  313  315  370  716  721  723  704  729  678  717  692  715  699  704  703  733  709  707  693  693  696  726  689  371  386  403  393  392  398  423  404  371  415  395  430  391  380  381  390  400  392  380  392  459  465  457  482  496  465  435  484  463  455  469  481  432  450  489  443  496  459  481  450  350  375  405  374  354  422  351  326  364  351  373  360  364  380  363  371  357  368  370  414  551  541  538  504  507  516  552  505  550  540  551  551  514  550  545  551  501  518  549  547  521  515  454  523  473  487  471  509  520  542  502  479  464  527  537  508  522  508  498  476 
27   20   27   54   40   39   18   9    35   43   26   17   27   13   31   35   66   0    20   39   162  179  142  141  175  152  170  156  161  160  187  150  155  137  175  149  173  155  188  141  521  517  486  536  497  509  499  492  523  491  520  474  518  473  514  496  525  507  503  533  412  388  433  386  387  378  384  388  347  360  393  371  387  381  398  398  381  378  379  434  654  660  662  642  668  616  655  630  653  638  642  641  673  647  645  632  631  634  665  627  379  398  410  394  404  405  436  412  374  427  407  436  403  388  391  396  404  402  393  403  393  398  391  415  430  399  368  418  397  389  404  414  365  384  423  376  430  392  414  384  285  310  340  307  288  357  286  260  297  286  308  294  299  315  300  306  292  301  304  347  531  522  519  486  490  499  531  485  531  515  531  531  494  531  523  531  480  497  531  533  518  511  448  517  466  484  470  505  515  532  502  477  460  527  534  508  519  503  490  474 
7    2    17   34   53   33   14   12   23   26   12   37   15   10   11   16   48   20   0    33   176  197  160  157  190  167  187  173  179  176  204  166  173  154  192  166  188  171  204  157  523  518  488  539  500  510  501  496  524  494  524  476  521  477  516  498  527  508  505  534  395  373  418  370  370  363  368  374  332  345  377  355  371  366  382  382  366  361  363  418  669  674  676  657  682  631  670  645  668  653  657  656  687  662  660  647  646  649  679  642  382  400  414  400  406  409  438  415  378  429  409  440  405  391  393  400  408  404  395  405  411  416  409  434  448  417  386  436  415  406  421  432  383  402  440  394  447  410  432  402  305  330  360  327  308  377  306  280  317  306  328  314  319  335  320  326  312  321  324  367  529  520  517  484  488  497  530  483  529  515  529  529  492  529  522  529  478  496  529  530  511  504  442  511  460  477  463  499  509  528  494  470  453  520  528  500  512  497  485  467 
32   35   16   48   43   66   22   31   11   25   45   46   18   40   29   31   68   39   33   0    201  216  178  180  215  191  208  194  197  198  225  188  191  174  213  188  213  193  226  180  491  486  456  506  467  477  469  464  492  462  492  443  490  445  484  466  495  476  473  501  412  396  439  390  388  384  388  397  353  367  396  375  389  386  402  401  386  379  382  437  649  653  656  637  662  611  650  626  648  632  637  637  666  642  640  626  626  629  659  621  415  433  446  432  439  442  471  448  411  462  442  473  438  424  426  433  441  437  428  438  400  408  398  427  436  405  376  425  404  394  407  422  375  389  428  384  435  399  423  391  307  333  361  326  306  380  307  279  316  307  328  313  321  337  324  325  314  315  323  365  496  487  484  451  455  464  497  450  496  482  496  496  459  496  489  496  445  463  496  497  479  472  410  479  428  445  431  467  477  495  463  438  422  488  496  469  480  465  453  435 
183  175  189  201  176  158  180  171  197  203  171  156  188  166  188  191  199  162  176  201  0    53   55   23   13   10   31   32   54   19   38   27   50   45   32   25   11   26   33   23   635  637  603  652  616  632  618  606  646  605  633  594  628  583  630  614  644  628  623  658  473  423  470  438  445  424  436  419  394  404  450  423  447  431  446  451  430  441  437  484  672  686  682  656  690  634  673  644  671  660  658  655  696  663  660  652  646  650  686  648  266  290  293  267  296  288  327  296  252  318  299  317  296  274  280  279  281  290  290  293  379  370  374  378  415  387  350  402  381  380  403  395  339  379  410  359  419  377  390  369  216  235  266  255  241  276  223  211  247  222  246  237  229  242  217  247  222  269  251  294  665  657  654  623  629  639  663  620  665  642  664  665  628  666  655  664  613  630  667  676  669  662  599  666  616  636  624  657  666  679  656  629  612  682  686  662  671  655  639  628 
204  196  207  227  182  187  197  189  214  223  195  169  206  187  209  213  229  179  197  216  53   0    38   52   51   52   21   28   19   35   25   37   24   42   21   39   53   33   33   52   610  615  579  628  593  612  595  581  625  581  608  572  603  558  606  591  621  606  601  637  523  475  522  488  495  476  487  471  445  456  500  474  497  482  498  501  481  490  487  535  624  639  634  607  642  586  625  596  623  612  610  607  648  615  611  604  597  601  638  600  308  332  332  303  338  327  368  335  290  360  341  354  339  314  321  319  318  331  333  335  328  319  324  325  365  337  299  351  330  331  355  344  288  330  359  308  368  327  338  319  163  182  213  202  189  223  171  159  195  169  193  184  176  189  163  194  169  218  198  241  649  642  639  609  617  626  646  605  649  623  648  649  612  651  638  648  598  614  652  664  664  656  593  660  610  631  621  652  661  670  652  626  608  679  681  660  666  649  631  624 
167  159  169  191  144  152  160  151  176  186  158  131  169  150  172  176  195  142  160  178  55   38   0    38   62   47   37   26   19   38   54   27   14   13   42   30   63   29   58   38   583  586  551  600  564  582  566  554  596  553  581  543  576  531  578  562  592  577  571  607  501  458  505  468  474  457  467  455  425  437  479  453  475  462  478  481  461  468  466  516  619  632  629  603  637  581  620  592  618  606  605  603  642  610  607  598  593  597  633  595  322  346  349  322  352  344  383  352  307  374  355  372  352  329  335  335  336  345  345  349  328  322  324  332  365  336  299  352  331  329  351  346  290  328  359  309  368  327  341  319  175  197  229  210  194  241  180  163  201  180  203  193  189  203  181  204  182  220  206  251  617  609  607  577  583  593  615  573  617  592  616  617  580  619  606  617  566  582  620  630  628  621  558  624  575  595  584  616  625  635  616  590  572  643  645  623  630  614  596  588 
163  155  169  183  153  141  159  150  176  183  152  134  168  146  168  172  183  141  157  180  23   52   38   0    35   13   33   24   44   20   48   15   38   26   37   13   34   19   47   0    612  614  580  629  593  609  595  583  623  582  610  571  606  560  607  591  621  605  600  634  471  425  472  437  444  425  436  421  394  405  449  422  445  431  446  450  430  438  436  484  658  671  667  642  675  619  659  630  656  644  644  641  680  649  646  637  631  635  671  633  287  310  314  289  316  309  347  317  273  339  319  338  316  294  300  300  302  310  309  314  366  360  362  368  403  374  337  390  368  367  389  383  328  366  397  346  406  365  379  357  210  230  262  246  231  273  216  200  238  215  238  228  223  237  213  239  216  258  242  287  641  633  631  600  606  615  640  596  642  618  641  641  604  643  631  641  590  606  643  652  646  639  575  643  593  612  601  634  643  655  632  606  589  659  663  639  647  631  615  604 
196  188  203  214  189  171  194  184  210  216  184  169  202  179  201  205  212  175  190  215  13   51   62   35   0    23   31   37   57   24   31   36   54   55   30   34   3    33   24   35   645  647  613  662  626  643  628  616  657  615  643  604  638  593  640  624  654  638  633  668  481  429  476  445  453  432  444  425  402  411  458  430  455  438  454  458  437  449  445  491  675  689  685  658  693  637  676  646  673  662  661  657  698  665  662  654  648  652  689  651  260  284  286  259  291  281  321  289  244  312  293  310  290  267  274  272  273  283  284  287  380  370  375  377  416  388  351  403  382  382  405  395  340  381  411  360  420  378  390  371  215  232  263  254  241  272  222  211  246  221  244  236  227  239  213  245  220  270  250  293  676  668  666  635  641  650  674  631  676  653  675  676  639  678  666  676  625  641  678  687  681  674  611  679  629  648  636  670  679  691  668  642  625  694  699  675  683  667  651  640 
173  166  180  193  166  150  171  161  187  193  162  146  179  156  178  182  191  152  167  191  10   52   47   13   23   0    31   27   49   16   41   20   44   37   34   17   21   21   39   13   625  627  593  642  606  622  608  596  636  595  623  584  618  573  620  604  634  618  613  647  471  423  470  436  443  424  435  419  393  403  448  422  445  430  446  449  429  439  436  483  667  680  676  650  684  628  667  638  665  653  652  650  689  657  654  645  640  644  680  642  275  298  302  277  305  297  336  305  261  327  307  326  305  282  288  288  290  298  298  302  374  366  369  374  411  382  345  397  376  375  398  390  335  374  405  354  414  372  386  364  214  233  265  252  237  275  220  207  243  219  243  234  227  240  215  244  220  264  247  291  654  646  644  613  619  628  653  610  655  632  654  654  618  656  645  654  603  619  657  665  658  651  588  656  606  625  613  647  656  668  645  619  602  671  676  652  660  644  628  617 
194  186  198  215  178  174  189  180  206  213  183  161  197  177  199  203  216  170  187  208  31   21   37   33   31   31   0    14   27   15   17   21   26   35   5    21   33   16   20   33   620  623  588  637  602  620  604  591  633  590  618  580  613  568  615  599  629  614  609  645  503  454  501  468  475  455  466  450  424  435  480  453  477  461  477  481  460  470  467  515  644  658  653  627  661  605  644  615  642  631  629  626  667  634  631  623  617  621  657  619  291  315  316  288  321  311  351  319  274  343  324  339  321  297  304  302  302  314  315  318  348  339  344  346  385  357  319  371  350  351  374  364  309  350  379  328  389  347  359  339  185  203  235  224  210  245  192  180  216  191  214  205  198  210  185  215  191  239  219  263  655  647  645  614  621  630  652  610  655  630  654  655  618  657  644  654  604  619  658  668  665  658  595  662  612  632  621  654  662  673  653  626  609  679  682  660  667  651  634  625 
180  172  184  202  164  161  175  166  192  199  170  147  183  163  185  189  203  156  173  194  32   28   26   24   37   27   14   0    22   13   31   9    18   21   19   11   38   5    34   24   609  612  577  626  590  608  592  580  622  579  607  569  602  557  604  588  618  603  597  633  495  448  496  461  468  449  460  445  418  429  473  446  469  455  471  474  454  463  460  508  640  654  650  624  658  602  641  612  639  627  626  623  663  631  628  619  614  618  654  616  297  321  324  297  328  319  358  326  282  349  330  347  328  304  311  310  310  321  321  324  347  339  342  347  384  355  318  370  349  348  371  363  308  347  378  327  387  345  358  338  187  206  238  224  210  249  193  179  216  192  216  206  200  213  189  217  193  237  220  264  642  635  632  602  608  617  640  598  643  618  642  642  606  644  632  642  591  607  645  655  652  644  581  648  598  619  607  640  649  659  639  613  596  666  669  646  653  637  620  611 
187  179  188  210  163  171  179  171  196  205  178  150  188  169  191  196  213  161  179  197  54   19   19   44   57   49   27   22   0    35   40   30   7    27   30   32   59   28   46   44   594  598  563  611  576  595  578  565  608  564  592  555  587  542  589  574  604  589  584  620  515  469  517  481  487  469  480  466  438  449  493  466  489  475  491  494  474  482  479  528  618  632  628  602  636  580  619  590  616  605  604  601  641  609  605  597  591  595  632  594  318  342  343  315  348  338  378  346  301  370  351  366  348  324  331  329  329  341  342  345  324  316  320  324  361  333  295  348  326  326  349  341  285  325  355  304  364  323  336  315  165  185  217  202  187  229  171  157  194  170  194  184  178  192  168  194  171  215  198  242  631  623  621  591  598  607  628  587  631  605  630  631  594  633  620  630  580  596  634  645  644  637  574  641  591  612  601  633  642  651  633  606  589  660  662  640  647  630  612  605 
183  175  188  203  170  161  178  169  195  202  172  152  187  165  188  191  203  160  176  198  19   35   38   20   24   16   15   13   35   0    28   12   31   31   18   11   25   9    27   20   621  623  589  638  602  619  604  592  633  591  619  580  614  569  616  600  630  614  609  645  488  439  486  453  460  440  451  436  410  420  465  438  462  446  462  466  445  455  452  500  653  667  663  637  671  615  654  625  652  641  639  636  677  644  641  633  627  631  667  629  284  308  310  284  314  305  345  313  269  336  317  334  314  291  297  296  297  307  308  311  359  351  355  359  396  368  330  383  362  361  384  376  320  360  391  340  400  358  371  350  198  217  249  236  222  259  205  192  228  204  227  218  211  224  199  228  204  250  232  276  653  645  643  612  619  628  651  608  653  629  652  653  616  655  643  653  602  618  656  665  660  653  590  657  607  627  616  649  658  669  648  621  604  674  678  655  662  646  629  620 
210  202  215  231  195  189  205  196  222  230  200  179  214  193  215  219  231  187  204  225  38   25   54   48   31   41   17   31   40   28   0    37   41   52   12   37   33   32   7    48   634  638  603  651  616  635  618  605  648  604  632  595  627  582  629  614  644  629  624  660  511  460  507  475  483  462  474  456  432  442  488  461  485  469  484  488  467  479  475  522  649  664  659  632  667  611  650  620  647  637  634  631  673  639  636  628  622  626  663  625  282  307  307  277  313  302  343  310  264  334  315  329  313  289  296  293  292  305  308  309  352  342  348  347  388  361  323  375  354  355  379  367  312  355  383  332  392  351  362  343  185  201  233  225  212  241  192  183  217  191  214  206  197  209  182  216  190  242  220  263  670  663  660  630  637  646  668  626  671  645  670  670  634  673  660  670  619  635  673  684  682  675  612  678  629  649  638  670  679  689  670  643  626  696  699  677  684  668  650  642 
173  165  177  194  158  152  168  159  185  192  162  141  177  156  178  182  195  150  166  188  27   37   27   15   36   20   21   9    30   12   37   0    24   19   25   2    36   5    38   15   609  611  577  626  590  607  592  580  621  579  607  568  602  557  604  588  618  602  597  632  487  440  487  452  459  440  451  437  409  420  464  437  460  446  462  465  445  454  451  500  646  659  655  630  663  607  647  618  644  633  632  629  669  637  634  625  619  623  659  621  294  318  321  295  324  316  355  324  279  346  327  345  324  302  308  307  308  318  318  321  353  346  349  354  390  362  324  377  355  355  377  370  314  353  384  333  393  352  365  344  195  215  247  232  217  258  201  187  224  200  224  214  208  222  197  224  201  244  228  272  640  633  630  600  606  615  639  596  641  617  640  640  604  642  631  640  589  605  643  653  648  641  578  645  595  615  604  636  645  657  636  609  592  662  665  643  650  634  617  607 
180  172  183  203  158  164  173  165  190  199  171  145  182  163  185  189  207  155  173  191  50   24   14   38   54   44   26   18   7    31   41   24   0    20   30   27   55   23   46   38   594  597  562  611  576  594  578  565  607  564  592  555  587  542  589  573  603  589  583  619  508  462  510  474  480  462  473  459  431  442  486  459  482  468  484  487  467  475  473  522  622  636  632  606  640  584  623  594  621  609  608  605  645  613  610  601  596  600  636  598  315  339  341  314  345  336  376  344  299  367  348  364  345  322  328  327  328  338  339  342  329  322  325  330  366  337  300  353  331  331  353  346  290  330  360  309  369  328  341  320  171  192  224  208  193  235  177  162  199  176  200  190  185  198  175  200  178  220  204  248  629  622  619  589  596  605  627  585  630  604  629  629  593  632  619  629  578  594  632  643  642  635  571  638  588  609  598  630  639  648  630  603  586  656  659  637  644  627  610  602 
161  153  164  184  142  144  155  146  172  180  152  127  164  144  166  170  187  137  154  174  45   42   13   26   55   37   35   21   27   31   52   19   20   0    40   21   55   22   55   26   590  592  558  607  571  588  573  561  602  560  588  549  583  538  585  569  599  583  578  613  489  445  492  456  462  444  454  442  413  424  467  441  463  450  466  469  449  456  454  503  632  645  641  616  649  593  633  604  630  618  618  615  654  623  620  611  606  609  645  607  312  335  339  313  342  334  373  342  298  364  344  363  342  319  325  325  327  335  335  339  341  335  337  345  378  349  312  365  343  342  364  359  303  340  372  321  381  340  354  332  188  209  241  223  207  254  193  177  214  192  216  206  202  216  193  216  194  233  219  264  622  614  611  581  587  597  620  577  622  598  621  622  585  624  612  621  571  587  624  634  630  623  560  627  577  597  586  619  627  638  618  591  574  644  647  625  632  616  599  590 
199  191  203  220  183  178  194  185  211  218  188  166  202  181  204  208  220  175  192  213  32   21   42   37   30   34   5    19   30   18   12   25   30   40   0    26   32   20   16   37   624  627  592  641  606  624  608  595  638  594  622  585  617  572  619  604  634  619  613  649  505  456  503  470  477  457  469  452  427  437  482  455  479  464  479  483  462  473  469  517  645  659  655  628  663  607  646  616  643  632  631  627  668  635  632  624  618  622  659  621  288  313  313  285  319  308  349  316  271  340  321  336  319  295  302  300  299  311  313  315  349  340  345  346  386  358  320  372  351  352  375  365  309  351  380  329  390  348  360  340  185  202  234  224  210  243  192  181  216  191  214  205  197  209  184  215  190  239  219  263  659  652  649  619  626  635  657  615  660  634  658  659  623  661  649  659  608  624  662  673  670  663  600  667  617  637  626  658  667  678  658  631  614  684  687  665  672  656  638  630 
173  165  177  193  159  152  168  159  185  192  162  141  176  155  177  181  194  149  166  188  25   39   30   13   34   17   21   11   32   11   37   2    27   21   26   0    34   6    38   13   611  613  579  628  592  609  594  582  623  581  609  570  604  559  606  590  620  604  599  634  484  437  485  450  457  438  448  434  407  417  462  435  458  444  459  463  442  451  449  497  649  662  658  633  666  610  650  621  647  636  635  632  672  639  636  628  622  626  662  624  292  315  319  293  322  314  352  321  277  344  324  342  322  299  305  305  306  315  315  319  356  349  352  357  393  364  327  380  358  357  380  373  317  356  387  336  396  355  368  347  198  217  249  235  220  260  204  189  226  203  226  217  211  224  200  227  204  247  231  275  642  634  632  601  608  617  640  598  643  619  642  642  605  644  632  642  591  607  645  654  649  642  579  646  596  616  605  638  647  658  637  610  593  663  667  644  651  635  618  609 
194  186  201  212  188  169  192  182  208  214  182  168  200  177  199  202  210  173  188  213  11   53   63   34   3    21   33   38   59   25   33   36   55   55   32   34   0    33   27   34   645  647  613  662  626  643  628  616  657  615  643  604  638  593  640  624  654  638  633  668  478  426  473  442  450  429  441  422  399  408  455  427  452  435  451  455  434  446  442  488  677  691  686  660  694  638  678  648  675  664  662  659  700  667  664  656  650  654  690  652  259  283  285  259  289  280  320  288  244  311  292  309  289  266  272  271  272  282  283  286  382  372  377  379  418  390  353  405  384  384  407  398  342  383  413  362  422  380  392  373  217  234  266  256  243  275  224  213  249  223  246  238  230  242  216  248  223  272  252  295  675  668  665  634  640  650  674  631  676  652  675  675  639  677  666  675  624  640  678  687  680  673  610  678  628  647  635  669  678  690  667  641  624  693  698  674  682  666  650  639 
178  170  182  199  163  157  173  164  190  197  167  146  182  161  183  187  200  155  171  193  26   33   29   19   33   21   16   5    28   9    32   5    23   22   20   6    33   0    33   19   612  614  580  629  593  610  595  583  624  582  610  571  605  560  607  591  621  606  600  636  490  443  490  456  462  443  454  439  412  423  467  441  464  449  465  469  448  457  454  503  646  659  655  629  663  607  647  618  644  633  632  629  669  636  633  625  619  623  659  621  293  317  319  293  323  314  354  322  278  345  325  343  323  300  306  305  306  316  316  320  352  345  348  353  389  361  323  376  355  354  377  369  313  353  383  333  393  351  364  343  193  212  244  230  216  255  199  185  222  198  222  212  206  219  195  222  199  243  226  270  644  637  634  603  610  619  642  600  645  620  644  644  608  646  634  644  593  609  647  657  652  645  582  649  599  619  608  641  650  661  640  613  596  666  670  647  654  638  621  612 
210  202  215  230  197  188  206  197  223  230  199  180  215  193  215  219  230  188  204  226  33   33   58   47   24   39   20   34   46   27   7    38   46   55   16   38   27   33   0    47   640  643  608  657  622  640  624  611  654  610  638  601  633  588  635  620  650  635  629  665  505  454  501  469  477  456  468  450  426  436  482  455  479  463  478  482  461  473  469  516  657  672  666  640  675  618  657  628  655  644  642  639  680  647  644  636  630  634  671  633  275  299  299  270  305  294  335  302  257  326  308  321  305  281  288  286  285  297  300  302  360  350  355  355  396  369  331  383  362  363  387  375  319  363  391  340  400  359  369  351  192  209  240  232  220  248  200  191  225  199  222  214  205  216  190  223  198  250  228  271  675  668  665  635  642  651  673  631  676  650  675  675  639  677  665  675  624  640  678  689  686  678  615  682  632  653  642  674  683  693  673  647  630  700  703  680  687  671  654  645 
