225
0    8    16   27   58   35   18   19   21   20   14   44   14   17   5    166  163  199  182  165  183  204  167  163  196  173  194  180  187  183  497  513  532  531  504  511  477  511  490  506  523  518  488  538  499  397  381  370  386  373  347  404  343  376  363  380  365  387  383  387  654  655  627  674  677  671  677  651  680  672  669  680  676  675  662  400  406  370  383  418  405  374  401  426  385  430  404  433  409  404  421  444  480  435  429  407  412  414  463  401  436  413  434  471  409  338  308  334  357  308  310  344  307  332  322  339  357  323  300  315  518  490  512  475  529  527  495  528  516  527  527  519  478  527  528  480  516  491  475  490  471  459  465  501  508  449  481  501  503  479  324  317  339  344  364  319  340  270  309  303  308  318  321  352  347  460  507  487  492  535  496  493  493  483  505  494  497  501  478  437  220  216  181  232  196  192  170  208  221  261  191  181  176  206  229  410  417  433  461  445  477  438  445  462  437  460  400  441  502  440  152  143  150  179  181  159  179  161  167  167  163  142  188  210  135 
8    0    19   34   54   31   16   13   25   27   10   37   17   9    12   159  156  191  174  157  175  196  159  155  188  166  186  172  179  175  499  515  534  533  506  513  479  513  491  509  525  520  490  541  502  401  385  373  391  376  351  408  346  378  367  384  369  391  387  392  651  652  623  671  674  667  674  647  676  669  666  676  673  672  659  396  402  365  379  414  400  370  395  421  380  426  399  428  404  400  416  439  475  430  424  402  407  408  457  396  431  408  428  466  404  331  301  327  350  301  303  337  300  325  315  332  350  316  293  308  522  494  516  479  532  531  499  531  520  531  531  522  482  531  531  486  521  496  481  495  477  464  469  507  514  453  487  507  509  485  319  312  334  339  360  314  335  265  304  297  303  313  316  348  343  453  500  480  485  528  489  487  486  477  498  488  490  494  471  430  220  216  180  232  195  192  170  208  221  261  192  181  175  208  231  402  409  425  453  437  469  430  437  455  429  452  392  433  494  432  159  149  157  186  188  166  187  169  174  174  170  150  196  218  142 
16   19   0    38   45   50   9    18   7    19   29   39   2    25   14   171  171  203  186  166  189  207  169  169  203  180  198  184  188  188  480  497  516  515  488  494  461  495  473  490  507  502  472  522  483  410  396  385  400  388  362  419  358  391  377  395  379  401  397  400  639  641  613  660  662  656  662  637  665  658  655  665  662  660  648  415  421  384  398  433  419  389  414  440  399  445  418  447  423  419  410  434  468  425  419  396  402  403  451  390  424  401  423  460  398  331  303  327  349  303  303  339  300  325  315  332  350  316  293  308  503  475  497  460  513  512  480  512  501  512  512  503  463  512  512  468  502  478  462  477  458  445  451  488  495  435  469  488  490  467  338  331  353  358  379  333  354  284  323  316  322  332  335  367  362  453  498  480  483  528  488  485  486  475  498  486  491  494  470  428  203  200  166  216  180  175  153  191  204  245  175  165  160  190  213  414  420  437  464  449  482  442  448  467  441  463  405  446  506  444  147  132  145  172  174  152  176  155  159  160  154  135  182  206  127 
27   34   38   0    83   43   43   46   37   23   32   71   36   42   24   187  179  221  203  188  201  227  191  183  214  193  215  202  210  203  508  522  542  540  515  520  487  521  501  515  533  526  498  548  508  373  358  348  362  351  325  382  321  354  340  358  341  363  359  362  677  679  651  697  699  694  700  675  702  696  692  702  699  698  685  401  408  371  385  416  406  375  406  428  388  429  406  434  411  404  448  471  506  462  456  433  439  440  489  428  461  439  460  497  435  365  335  361  384  335  337  371  334  359  349  366  384  350  327  342  521  495  515  481  534  530  497  532  520  529  530  523  480  529  532  476  514  487  473  486  467  456  464  499  505  449  478  496  500  476  328  320  342  348  367  323  342  274  313  311  312  321  323  354  348  487  534  514  519  562  523  521  520  510  532  522  524  528  505  464  235  232  202  248  216  209  187  223  236  278  205  198  195  218  243  430  438  454  482  464  497  458  465  482  457  481  420  460  522  461  135  136  133  165  167  145  161  147  156  153  154  130  174  192  124 
58   54   45   83   0    79   40   41   49   64   63   27   47   51   59   155  165  181  168  142  176  182  144  153  189  166  178  164  163  170  456  475  493  494  464  473  439  473  449  470  484  481  450  500  462  455  439  428  444  431  405  462  401  432  421  438  423  445  441  445  597  597  569  617  619  613  619  593  622  615  612  622  619  617  605  428  432  397  410  449  431  402  420  452  409  459  430  460  433  433  364  388  422  379  373  350  356  357  405  344  378  356  377  414  352  288  262  285  305  261  260  297  257  281  271  288  307  273  249  265  491  462  485  445  499  500  470  499  489  501  500  490  453  501  499  470  499  478  460  478  460  445  447  487  496  429  470  492  490  468  348  343  364  367  390  343  366  295  333  319  332  343  346  379  376  409  454  437  439  484  444  441  443  430  454  442  448  450  426  383  175  170  127  185  144  144  123  162  175  212  149  133  125  169  187  392  396  413  438  428  459  420  424  446  417  438  384  425  482  418  178  149  177  198  199  178  208  182  180  186  174  160  208  235  152 
35   31   50   43   79   0    46   39   56   52   21   55   48   29   39   145  135  180  161  149  158  187  152  141  171  150  174  161  171  161  530  546  566  565  537  544  511  544  522  540  557  552  522  572  533  382  365  351  372  354  330  386  325  355  346  363  350  371  366  374  676  674  646  694  697  690  697  669  700  692  690  700  697  694  682  365  371  335  348  383  370  339  366  391  350  395  369  398  374  369  431  453  491  445  439  418  421  423  474  412  448  424  444  481  420  337  305  333  360  306  309  341  307  334  323  339  357  323  301  315  553  525  547  510  563  562  530  563  551  562  562  554  513  562  563  514  550  525  510  524  505  493  499  536  543  484  516  535  538  514  290  282  304  310  329  284  305  235  274  270  273  283  286  317  312  459  510  485  495  535  497  496  492  486  506  497  495  500  480  440  251  247  207  262  223  221  199  238  252  290  223  211  204  239  261  387  395  412  440  421  454  415  422  439  414  438  377  417  479  419  179  176  176  208  210  188  205  190  199  196  195  173  218  236  166 
18   16   9    43   40   46   0    9    17   27   26   30   9    19   18   162  163  193  177  157  180  197  160  159  194  171  189  175  179  178  483  500  519  518  490  497  464  498  476  494  510  505  475  525  486  415  399  388  404  391  365  422  361  393  381  398  383  405  401  405  636  637  609  656  659  653  659  633  662  654  651  662  658  657  644  410  415  379  392  428  413  384  407  435  393  440  413  442  417  414  404  427  462  418  412  390  395  396  445  384  418  395  417  454  392  323  294  319  341  294  295  330  292  317  307  324  342  308  285  300  508  480  502  464  517  517  485  517  506  517  517  508  468  517  517  475  508  485  469  484  465  452  457  495  502  440  476  496  497  474  332  326  347  352  373  327  348  278  317  309  316  326  329  361  357  445  491  472  476  520  480  478  478  467  490  479  482  486  462  421  204  200  164  216  179  176  153  192  205  245  176  165  159  193  215  405  411  428  455  440  472  433  439  458  431  454  396  437  496  434  157  141  155  181  183  161  185  164  168  169  163  144  191  215  136 
19   13   18   46   41   39   9    0    26   34   21   25   17   10   22   153  153  185  168  149  171  189  151  150  184  161  180  166  171  169  490  508  527  526  498  505  472  506  483  502  518  513  483  533  494  414  398  386  403  389  364  420  359  391  380  397  382  404  399  405  639  639  611  659  661  655  661  634  664  657  654  664  661  659  646  401  406  370  383  419  404  375  398  425  383  431  403  433  407  405  403  426  462  417  411  389  394  395  444  383  418  395  415  453  391  319  289  315  338  289  291  325  288  313  303  320  338  304  281  296  517  489  511  473  526  526  494  526  515  526  526  517  477  526  526  484  518  494  478  494  475  462  466  504  512  450  485  505  507  483  323  316  338  342  364  317  339  269  307  299  306  317  319  352  348  441  488  468  473  516  477  474  474  464  486  475  478  482  459  418  211  207  168  222  184  182  160  198  212  251  183  171  164  200  222  396  402  419  446  431  463  424  430  449  423  445  387  428  488  426  165  151  163  190  193  171  194  173  177  178  173  153  200  224  146 
21   25   7    37   49   56   17   26   0    14   35   46   8    32   17   179  179  210  194  174  197  214  176  176  210  187  206  192  196  195  476  492  512  510  484  490  456  490  469  486  503  497  468  518  479  409  395  385  399  388  362  419  358  391  377  395  378  400  396  399  640  642  614  660  662  657  663  638  665  659  655  665  662  661  648  421  427  391  404  439  425  395  421  447  405  451  425  453  429  425  414  437  471  428  422  399  405  406  454  393  426  404  426  463  401  336  309  333  354  309  308  344  305  330  320  337  355  321  298  313  497  469  491  454  507  506  474  507  495  506  506  498  457  506  507  460  495  471  455  470  451  438  444  481  488  428  462  481  483  460  345  338  359  365  385  340  361  291  329  323  328  338  341  373  368  458  503  486  488  533  493  490  491  480  503  491  496  499  475  433  200  197  165  213  179  173  151  188  202  242  171  162  158  186  209  422  428  445  472  457  489  450  456  475  448  471  413  454  514  451  140  125  138  164  166  144  168  147  151  152  146  127  174  198  119 
20   27   19   23   64   52   27   34   14   0    33   57   18   36   15   186  183  218  201  183  203  223  186  183  216  193  213  199  205  202  486  501  521  519  493  498  465  499  478  494  512  505  476  526  487  395  381  371  384  374  347  405  344  378  363  380  363  386  382  384  654  656  628  675  677  671  677  652  680  673  669  680  676  675  663  417  424  387  401  434  422  391  419  444  402  446  421  450  426  421  428  452  486  443  437  414  420  421  469  408  441  419  441  478  416  350  322  346  368  322  322  358  319  344  334  351  369  335  312  327  502  475  496  461  514  511  479  513  500  511  511  504  462  511  513  462  498  472  458  471  453  441  447  483  490  432  463  482  485  461  342  335  356  362  382  337  357  288  327  322  326  336  338  369  364  472  517  499  502  547  507  504  505  494  517  505  510  513  489  447  211  208  179  225  193  186  163  200  213  255  182  175  171  195  220  429  436  453  480  464  497  457  464  482  456  479  420  460  521  459  132  123  130  159  161  139  160  141  147  147  144  122  168  190  115 
14   10   29   32   63   21   26   21   35   33   0    43   27   13   18   156  150  189  171  156  171  195  158  152  184  162  183  170  178  172  509  526  545  544  517  523  490  524  502  519  536  531  501  551  512  392  376  364  382  367  342  399  337  369  358  375  360  382  378  384  661  661  632  680  683  677  683  656  686  678  676  686  683  681  668  386  392  356  369  404  390  360  386  412  370  416  390  419  394  390  423  445  482  437  431  409  413  415  465  403  438  415  435  473  411  335  304  331  356  305  307  340  304  330  320  336  354  320  298  312  532  504  526  489  542  541  509  542  530  541  541  533  492  541  542  494  530  505  490  504  485  473  479  516  523  463  496  515  518  494  310  303  324  330  350  305  326  256  295  289  294  304  306  338  333  457  506  484  491  532  494  492  490  482  503  493  494  498  476  436  231  227  190  243  205  202  180  219  232  272  203  192  185  219  241  399  406  423  450  433  466  427  434  451  426  449  389  429  491  430  164  157  161  192  194  172  191  174  181  180  177  155  201  222  148 
44   37   39   71   27   55   30   25   46   57   43   0    39   30   47   136  142  166  150  128  156  169  131  134  169  146  161  147  150  152  484  503  521  521  492  500  467  500  477  497  512  509  478  528  490  436  419  406  426  409  385  441  380  410  401  418  404  425  421  427  620  619  590  639  642  635  642  614  644  637  634  644  642  639  627  401  405  370  383  421  404  375  394  425  382  432  403  433  406  405  379  402  439  393  387  365  370  371  421  360  394  371  392  429  367  294  264  290  313  265  266  300  263  288  278  295  313  279  256  271  517  489  511  472  526  526  496  526  515  527  527  517  479  528  526  492  524  502  484  501  483  468  471  510  519  454  493  514  513  491  321  316  337  340  363  316  339  268  306  294  305  316  319  352  348  416  463  443  448  491  452  450  449  439  461  451  453  457  434  393  203  198  154  212  170  172  150  190  203  240  177  161  152  196  215  378  383  400  426  413  445  406  411  431  404  425  369  410  469  406  186  165  184  209  211  189  215  192  193  196  188  171  219  244  163 
14   17   2    36   47   48   9    17   8    18   27   39   0    23   12   171  170  202  186  166  188  206  169  168  202  179  197  183  188  187  483  499  518  517  490  496  463  497  475  492  509  504  474  524  485  409  394  383  398  386  360  417  356  389  375  393  377  399  395  399  641  643  615  662  664  658  664  639  667  660  657  667  664  662  650  413  419  382  396  431  417  387  412  439  397  443  416  445  421  417  412  435  470  426  420  397  403  404  453  392  425  403  424  461  399  332  304  328  350  304  304  339  301  326  316  333  351  317  294  309  505  477  499  462  515  514  482  514  503  514  514  505  465  514  514  469  504  479  464  479  460  447  452  490  497  436  470  490  492  468  336  329  351  356  377  331  352  282  321  314  320  330  333  365  360  454  500  481  485  529  489  486  487  476  499  487  491  495  471  429  205  202  168  218  182  178  155  193  207  247  177  167  162  192  215  414  420  436  464  449  481  442  448  467  440  463  404  445  505  443  148  134  146  173  175  153  176  156  160  161  155  136  183  206  128 
17   9    25   42   51   29   19   10   32   36   13   30   23   0    22   149  147  182  165  147  166  187  150  146  179  156  177  163  169  165  501  518  537  537  509  516  482  516  494  512  528  524  493  544  505  405  389  377  395  380  355  411  350  381  371  388  373  395  391  397  649  648  620  668  671  664  670  643  673  666  663  673  670  668  656  391  396  360  373  409  394  365  389  416  374  421  394  423  398  395  410  432  469  424  418  396  401  402  452  390  425  402  422  460  398  323  292  319  343  293  295  328  292  318  307  324  342  308  285  300  527  499  521  483  536  536  504  536  525  536  536  527  487  536  536  493  527  503  487  502  484  471  476  513  521  459  494  514  515  492  313  307  328  333  354  308  329  259  298  290  297  307  310  342  338  445  493  472  478  520  481  479  478  469  491  480  482  486  464  423  222  218  178  233  194  192  170  209  223  261  194  182  175  211  233  392  399  416  443  427  460  421  427  445  419  442  383  424  484  423  169  157  167  195  197  175  197  178  183  183  179  158  205  227  151 
5    12   14   24   59   39   18   22   17   15   18   47   12   22   0    171  168  204  187  169  188  209  172  168  201  178  199  185  191  188  494  510  529  528  501  507  474  508  487  503  520  515  485  535  496  396  381  370  386  373  347  404  343  376  363  380  364  386  383  386  654  655  627  674  677  671  677  651  680  672  669  680  676  675  662  405  411  374  388  422  409  379  405  431  389  434  408  437  413  408  423  446  481  437  431  409  414  415  464  403  437  414  436  473  411  341  311  337  360  312  313  347  310  335  325  342  360  326  303  318  514  487  508  472  525  523  491  524  512  523  523  515  474  523  524  475  511  486  471  485  466  454  460  497  504  444  477  496  499  475  329  322  343  349  369  324  344  275  313  308  313  322  325  357  351  463  509  490  494  538  498  496  496  486  508  497  500  504  481  439  217  214  181  230  195  190  168  205  219  259  189  179  174  203  227  415  422  438  466  449  482  443  449  467  441  464  405  446  506  445  147  138  145  174  176  154  174  156  162  162  158  137  183  205  130 
166  159  171  187  155  145  162  153  179  186  156  136  171  149  171  0    38   35   16   31   25   46   33   6    35   15   28   18   38   16   578  603  618  622  588  601  567  600  572  600  610  612  578  627  591  480  457  438  474  441  423  474  416  433  441  454  448  467  461  479  644  628  601  654  661  649  657  622  660  651  653  660  662  654  641  311  308  280  290  339  309  287  287  328  284  344  307  340  307  316  357  373  422  370  364  348  346  349  403  343  383  357  369  407  352  234  193  227  266  197  208  226  208  237  227  239  252  222  207  215  634  604  628  584  638  642  615  639  631  645  644  630  598  646  639  624  651  632  612  632  613  597  597  639  649  579  623  646  642  621  226  226  244  242  269  222  248  182  213  186  212  224  228  262  263  348  409  370  395  423  391  392  378  385  398  393  378  386  376  343  304  298  238  307  257  270  254  291  303  327  285  262  246  310  320  243  250  267  295  278  310  271  278  296  270  293  233  274  335  274  318  301  316  344  346  324  346  327  330  332  325  306  354  377  299 
163  156  171  179  165  135  163  153  179  183  150  142  170  147  168  38   0    66   48   68   29   79   70   32   39   27   58   54   76   43   604  627  643  646  614  625  591  624  598  624  635  636  602  652  615  446  422  403  440  406  389  439  381  397  406  419  415  433  426  446  681  666  639  692  699  686  695  660  698  688  691  698  699  692  679  279  278  248  259  306  278  254  261  298  254  312  277  309  278  284  396  412  460  408  402  386  384  387  442  382  421  396  407  445  390  272  230  265  304  235  246  263  246  275  265  277  290  260  246  253  653  623  647  604  659  662  633  659  650  663  663  650  616  664  659  634  664  643  625  643  625  610  612  652  661  594  635  656  655  633  194  193  212  212  237  190  216  147  181  159  179  192  195  230  229  384  446  405  432  459  428  429  413  423  434  430  413  422  413  381  327  321  263  331  282  293  275  314  326  353  305  284  270  328  342  253  264  280  309  286  320  281  290  304  281  307  243  282  345  288  314  304  312  342  344  322  340  324  330  330  326  306  352  372  298 
199  191  203  221  181  180  193  185  210  218  189  166  202  182  204  35   66   0    20   39   39   13   38   41   38   39   8    19   24   23   586  612  626  631  596  610  576  608  580  610  618  622  587  635  600  513  489  470  507  473  456  505  448  464  473  486  482  500  493  512  631  612  585  639  647  633  642  605  645  636  639  645  648  639  626  317  312  287  296  347  313  294  286  330  287  350  312  344  309  323  337  351  401  349  343  329  325  328  383  325  364  339  348  385  333  208  165  200  241  170  184  197  184  213  203  213  225  197  185  190  649  618  643  597  651  657  631  653  646  660  659  644  614  662  653  646  670  653  633  654  635  618  617  659  670  598  645  668  663  643  232  235  250  246  274  229  256  194  221  188  220  233  236  269  272  317  381  338  367  393  362  364  347  357  368  364  346  355  347  317  317  311  249  318  267  283  269  305  315  335  301  276  260  326  334  212  217  234  261  247  279  239  245  265  238  260  202  244  303  241  350  330  348  375  377  355  379  358  359  363  354  337  385  409  329 
182  174  186  203  168  161  177  168  194  201  171  150  186  165  187  16   48   20   0    33   24   31   33   21   29   21   12   7    29   5    584  609  624  628  594  607  573  606  578  606  616  618  584  633  597  494  470  451  487  454  437  487  429  446  454  467  462  481  474  493  640  623  596  650  657  644  653  617  656  646  649  656  658  649  637  311  307  280  290  340  308  287  284  326  282  343  306  339  305  316  350  365  414  362  356  341  338  341  396  337  376  351  361  399  345  224  182  217  256  187  199  214  198  228  218  229  242  212  199  205  643  612  637  592  646  651  624  647  640  653  653  639  607  655  647  635  661  643  623  644  625  609  608  650  660  589  635  657  653  633  225  227  244  241  268  222  248  184  213  183  212  225  228  262  264  335  398  357  384  411  380  381  365  374  386  382  365  374  364  333  312  305  244  314  263  278  262  299  310  333  294  270  254  319  328  228  234  251  279  263  295  256  262  280  254  277  218  259  319  258  334  315  332  359  361  339  362  342  344  347  339  321  369  392  313 
165  157  166  188  142  149  157  149  174  183  156  128  166  147  169  31   68   39   33   0    54   40   3    36   62   46   38   26   21   38   551  576  591  595  561  574  540  573  545  573  583  585  551  600  564  502  479  461  495  464  446  497  438  458  463  477  470  489  483  499  613  597  570  623  630  618  626  591  629  620  622  629  631  623  610  342  339  311  321  370  339  318  316  358  314  375  338  370  337  347  328  345  392  341  334  318  316  319  374  313  353  327  340  378  322  208  168  202  238  172  182  203  181  210  199  213  227  195  179  188  611  580  605  559  614  619  593  615  608  621  621  606  576  623  615  606  631  613  593  614  596  579  577  619  630  558  605  628  623  603  256  257  275  272  299  252  279  213  244  216  243  255  259  293  294  325  384  348  370  401  367  368  356  360  375  369  357  364  351  317  279  273  211  281  230  245  230  267  278  300  262  238  222  287  296  250  254  271  297  286  317  277  283  303  275  296  241  282  340  277  314  292  312  337  339  318  343  321  321  325  316  300  347  372  292 
183  175  189  201  176  158  180  171  197  203  171  156  188  166  188  25   29   39   24   54   0    53   55   23   13   10   31   32   54   19   603  628  643  647  613  626  592  625  597  625  635  637  603  652  616  475  451  431  469  434  417  466  409  425  435  447  443  462  455  475  665  648  621  674  682  669  677  642  680  671  674  680  682  674  661  287  284  256  266  316  285  263  262  303  259  320  283  315  282  293  375  390  439  387  381  366  363  366  420  362  401  376  386  423  370  247  205  240  280  210  223  237  223  252  242  253  265  236  223  229  658  628  653  608  663  667  639  664  656  669  668  655  622  670  664  646  674  654  636  655  636  620  621  662  672  603  646  668  665  644  202  203  220  217  245  198  224  159  189  161  188  201  205  238  240  357  421  378  407  432  402  403  386  397  408  404  386  395  387  357  329  323  263  332  282  295  278  316  327  352  310  286  271  334  345  228  238  254  283  262  295  257  265  280  256  281  219  259  320  262  335  321  333  361  364  342  362  344  348  349  344  324  371  393  317 
204  196  207  227  182  187  197  189  214  223  195  169  206  187  209  46   79   13   31   40   53   0    38   52   51   52   21   28   19   35   578  604  618  623  588  602  569  601  572  603  610  615  579  628  593  525  502  482  519  485  468  518  460  477  485  499  494  512  506  524  618  599  572  626  634  620  629  592  632  623  626  632  635  626  613  329  323  299  308  360  325  307  297  342  299  362  323  355  321  335  323  338  388  335  329  315  311  315  369  311  351  326  335  372  320  194  151  187  228  157  170  183  170  199  189  200  212  183  171  176  644  613  638  591  646  652  627  647  641  655  654  639  610  657  647  644  667  651  630  652  633  616  614  656  667  594  643  666  660  641  244  247  263  258  286  241  268  207  233  200  232  245  249  282  284  304  368  325  354  380  349  350  334  344  355  351  334  342  334  303  312  305  243  312  261  278  265  300  310  328  297  271  255  323  329  210  214  230  257  246  277  237  242  263  235  256  201  242  300  237  354  332  352  378  380  358  383  361  362  366  356  340  388  413  332 
167  159  169  191  144  152  160  151  176  186  158  131  169  150  172  33   70   38   33   3    55   38   0    38   62   47   37   26   19   38   551  576  591  595  561  574  540  573  545  574  583  586  551  600  564  505  482  464  498  467  448  500  441  461  466  480  473  492  486  502  611  595  568  621  628  616  624  589  627  618  620  627  629  621  608  343  340  312  322  371  340  319  317  359  315  376  339  371  338  348  325  342  390  338  332  316  314  317  371  311  351  325  337  375  320  205  166  199  236  169  179  200  178  207  197  210  224  193  177  185  611  581  606  560  614  619  593  616  608  622  621  607  576  624  615  607  632  615  594  615  597  580  579  621  631  559  606  630  625  605  257  258  276  273  300  254  280  214  245  216  244  257  260  294  295  322  381  345  367  398  364  365  353  357  372  366  354  361  348  314  280  273  212  281  231  246  231  267  278  300  263  238  222  288  296  248  252  269  295  284  315  275  280  301  273  294  239  280  338  275  317  294  315  340  342  320  345  323  324  328  318  302  350  375  294 
163  155  169  183  153  141  159  150  176  183  152  134  168  146  168  6    32   41   21   36   23   52   38   0    35   13   33   24   44   20   580  605  620  624  590  603  569  602  574  602  612  614  580  629  593  474  451  432  467  435  417  468  409  427  434  448  442  461  454  473  649  633  606  660  667  654  663  628  665  656  659  665  667  659  647  307  305  276  287  335  305  283  284  324  280  340  304  336  304  313  363  379  427  376  369  354  352  355  409  349  389  363  375  413  358  240  199  233  272  204  214  233  214  243  233  245  258  228  213  221  635  605  629  585  639  643  616  640  632  645  645  631  599  647  640  623  651  631  612  632  613  597  598  638  648  579  623  645  642  621  222  222  240  238  265  218  244  177  209  183  208  220  224  258  259  354  415  376  401  430  398  399  384  392  404  400  384  393  382  350  306  299  240  309  259  271  255  293  304  329  286  263  248  310  321  246  254  270  299  281  313  274  281  299  273  297  237  277  338  278  315  299  313  341  343  321  343  324  327  329  322  304  351  373  296 
196  188  203  214  189  171  194  184  210  216  184  169  202  179  201  35   39   38   29   62   13   51   62   35   0    23   31   37   57   24   613  638  653  657  623  636  602  635  607  635  645  647  613  662  626  482  458  437  477  440  425  473  417  431  442  454  451  469  462  483  668  650  623  677  685  671  680  643  683  673  677  683  685  677  664  281  277  251  260  311  278  258  254  296  252  314  277  309  275  287  375  389  439  387  381  367  363  366  421  363  402  377  386  423  371  245  202  238  279  208  221  233  222  250  241  251  262  235  223  228  670  640  664  619  674  678  651  675  667  680  680  666  634  682  675  659  686  667  648  667  649  633  633  674  684  615  659  681  678  657  196  198  214  211  239  192  219  156  184  154  183  196  199  233  235  353  417  373  404  427  398  400  381  394  404  401  380  390  383  354  340  333  273  342  292  306  290  327  338  362  321  297  282  346  356  215  225  241  270  249  282  244  252  267  243  268  205  245  307  249  348  334  346  375  377  355  375  358  362  363  357  338  385  406  330 
173  166  180  193  166  150  171  161  187  193  162  146  179  156  178  15   27   39   21   46   10   52   47   13   23   0    31   27   49   16   593  618  633  637  603  616  582  615  587  615  625  627  593  642  606  473  450  430  467  433  416  466  408  425  434  447  442  460  454  473  658  642  615  668  676  663  671  636  674  665  668  674  676  668  655  296  293  264  275  324  293  272  272  312  268  328  292  324  291  301  370  386  434  383  376  361  358  362  416  357  396  371  382  419  365  244  203  238  277  208  219  235  219  248  238  250  263  233  219  226  648  618  642  598  652  656  629  653  645  659  658  645  612  660  653  636  664  644  625  644  626  610  610  651  661  592  636  658  655  634  210  211  228  226  253  206  233  166  197  170  196  209  213  246  247  356  419  378  405  432  401  402  386  395  407  403  386  394  385  354  319  312  253  322  272  284  268  306  317  342  299  276  261  323  334  237  246  262  290  271  304  265  272  289  264  289  227  267  329  269  326  311  323  352  354  332  353  335  339  340  334  315  362  384  307 
194  186  198  215  178  174  189  180  206  213  183  161  197  177  199  28   58   8    12   38   31   21   37   33   31   31   0    14   27   15   588  613  628  632  598  611  577  610  582  611  620  623  588  637  602  505  481  461  499  464  448  497  440  456  465  478  473  492  485  504  637  618  592  646  653  640  649  612  652  642  645  652  654  645  633  312  307  281  291  342  308  289  282  326  282  345  307  339  305  318  344  358  408  356  350  336  332  335  390  331  371  346  355  392  340  215  173  208  249  178  191  205  191  220  210  221  233  205  192  198  649  619  643  598  652  657  631  653  646  660  659  645  614  662  653  644  669  652  632  652  634  617  616  658  668  597  643  666  662  642  227  229  245  241  269  223  250  188  215  183  214  227  230  264  266  326  389  346  375  401  370  372  355  365  376  373  355  363  355  325  318  311  249  319  268  284  269  305  316  337  301  276  260  326  334  216  222  239  267  251  283  244  250  269  242  265  207  248  307  246  345  326  343  370  372  350  374  353  355  358  350  333  380  404  325 
180  172  184  202  164  161  175  166  192  199  170  147  183  163  185  18   54   19   7    26   32   28   26   24   37   27   14   0    22   13   577  602  617  621  587  600  566  599  571  599  609  612  577  626  590  498  475  455  492  459  441  491  433  451  458  472  466  485  478  497  633  615  589  642  650  636  645  609  648  639  642  648  650  642  629  318  314  287  298  347  315  295  291  334  290  351  314  346  312  324  343  358  407  355  349  334  331  335  389  330  369  344  355  392  338  217  176  211  250  181  192  209  192  221  211  223  236  206  192  199  637  606  631  585  640  645  618  641  634  647  646  632  601  649  641  630  656  638  618  638  620  603  603  644  655  584  630  652  648  628  233  234  251  248  276  229  256  191  221  191  220  233  236  270  271  330  392  352  378  406  374  375  360  369  381  376  360  369  359  327  305  299  238  307  256  271  256  293  304  326  288  263  248  313  322  230  236  253  280  265  297  258  264  283  256  279  221  262  321  260  332  312  329  356  358  336  360  339  341  344  336  318  366  390  311 
187  179  188  210  163  171  179  171  196  205  178  150  188  169  191  38   76   24   29   21   54   19   19   44   57   49   27   22   0    35   562  588  602  607  572  586  552  584  556  586  594  598  563  611  576  518  495  476  511  479  461  512  454  472  478  492  486  505  498  516  611  593  566  620  628  614  623  587  626  616  620  626  628  620  607  339  334  308  318  368  335  316  309  353  310  372  334  366  332  345  320  336  385  333  326  311  309  312  366  307  347  321  332  369  316  195  154  189  228  159  170  188  170  199  189  201  214  184  170  176  626  595  620  574  628  634  608  629  623  637  636  621  591  638  629  624  648  631  611  632  614  597  595  637  648  575  623  647  641  622  254  255  272  268  296  250  277  213  242  210  241  254  257  291  293  309  371  332  357  385  353  354  340  347  360  355  340  348  337  305  294  287  225  294  243  260  246  282  292  311  278  253  236  304  311  229  232  249  276  265  296  256  261  282  254  275  220  262  319  255  336  313  334  359  361  339  365  343  343  347  337  321  369  394  313 
183  175  188  203  170  161  178  169  195  202  172  152  187  165  188  16   43   23   5    38   19   35   38   20   24   16   15   13   35   0    589  614  629  633  599  612  578  611  583  611  621  623  589  638  602  490  466  447  484  450  433  482  425  441  450  463  458  477  470  489  646  629  602  655  663  650  658  622  661  652  655  661  663  655  642  305  301  274  284  334  302  281  278  320  277  338  301  333  299  311  355  371  420  368  361  347  344  347  401  342  382  357  367  404  351  229  186  222  262  192  204  219  204  233  223  234  247  218  204  210  647  617  641  596  650  655  628  652  644  658  657  643  611  659  652  638  665  646  627  647  628  612  612  653  663  593  638  661  657  636  220  221  238  235  262  216  242  178  208  178  206  219  223  256  258  340  403  361  389  415  384  386  370  379  391  387  369  378  369  338  316  310  249  318  268  282  267  304  315  338  298  274  259  323  333  227  234  251  279  261  294  255  262  279  254  277  217  258  318  258  335  317  333  360  362  340  362  343  346  348  341  323  370  393  315 
497  499  480  508  456  530  483  490  476  486  509  484  483  501  494  578  604  586  584  551  603  578  551  580  613  593  588  577  562  589  0    37   41   52   12   37   33   32   7    48   34   56   30   52   38   838  834  831  825  834  804  860  803  844  816  835  811  833  833  820  351  401  382  391  378  394  391  403  392  394  375  392  376  393  386  881  882  850  862  904  882  856  865  902  858  913  881  912  882  886  426  447  422  432  432  413  431  427  421  410  399  405  430  436  408  505  524  510  481  516  498  536  493  487  486  497  509  497  481  495  150  129  148  105  123  150  162  132  144  161  157  128  159  168  131  282  244  270  243  278  273  248  218  251  272  202  272  298  261  272  798  795  815  816  841  793  818  747  784  763  782  794  798  831  829  559  539  585  530  592  553  543  581  530  565  544  595  584  540  502  281  286  341  273  322  313  333  294  281  251  307  323  335  290  268  752  740  755  770  785  807  771  768  798  765  771  746  783  821  756  455  403  456  428  427  432  464  437  411  429  405  429  429  455  428 
513  515  497  522  475  546  500  508  492  501  526  503  499  518  510  603  627  612  609  576  628  604  576  605  638  618  613  602  588  614  37   0    24   19   25   2    36   5    38   15   15   19   25   25   14   842  839  838  829  840  811  866  810  852  822  841  816  838  838  823  383  435  417  423  410  427  424  437  424  427  407  424  408  426  419  902  904  871  883  924  904  877  888  924  880  934  903  934  904  907  462  484  459  468  469  450  468  464  458  446  437  441  466  473  445  539  557  544  516  549  530  569  526  521  520  531  544  530  514  528  116  100  115  80   88   115  133  96   111  127  123  94   132  134  95   256  214  242  216  250  248  224  193  223  243  180  245  270  233  245  820  816  837  838  863  815  839  768  805  786  804  816  819  853  850  595  576  622  567  629  590  580  618  567  602  581  632  620  576  538  301  307  365  296  346  335  354  314  302  276  326  344  357  307  287  783  771  787  802  816  838  802  800  829  797  803  777  814  853  788  460  411  461  432  431  437  467  442  416  433  411  436  431  456  436 
532  534  516  542  493  566  519  527  512  521  545  521  518  537  529  618  643  626  624  591  643  618  591  620  653  633  628  617  602  629  41   24   0    20   30   27   55   23   46   38   9    36   45   13   38   865  862  860  852  863  833  888  833  874  845  864  839  861  861  847  368  422  405  409  395  413  409  424  409  412  392  409  392  411  405  920  921  888  900  942  921  894  904  941  897  951  919  951  921  924  464  484  457  469  470  452  470  466  457  449  437  443  467  472  447  546  565  551  522  557  538  576  534  528  527  538  550  538  522  536  134  121  134  103  103  131  152  112  129  143  139  111  153  150  111  277  233  263  238  271  269  246  215  242  262  202  266  290  252  266  837  833  853  855  879  832  856  785  822  802  821  833  836  870  868  597  576  624  567  629  590  580  619  567  603  581  633  621  577  540  318  324  380  312  361  352  371  331  319  291  344  361  374  326  305  793  781  796  811  826  848  812  809  839  806  812  787  824  861  797  483  433  484  455  454  460  490  465  439  456  433  458  455  479  458 
531  533  515  540  494  565  518  526  510  519  544  521  517  537  528  622  646  631  628  595  647  623  595  624  657  637  632  621  607  633  52   19   20   0    40   21   55   22   55   26   19   18   44   11   31   858  855  854  844  856  826  881  826  868  838  856  831  853  853  839  388  442  425  429  415  433  429  444  429  432  413  429  413  431  425  921  923  890  902  943  923  895  907  943  899  952  921  952  923  926  478  499  474  484  484  466  484  480  473  463  452  457  482  488  461  557  575  562  534  567  549  587  544  539  538  549  561  548  532  546  114  102  114  87   82   111  133  91   109  123  119  91   135  130  90   258  213  243  219  252  251  228  196  223  242  185  247  271  233  248  839  835  855  857  881  834  858  787  824  805  823  835  838  871  869  611  591  638  583  644  605  596  634  583  618  596  648  636  592  554  320  326  384  315  365  353  373  333  320  295  344  363  376  325  306  801  790  805  820  835  857  821  818  848  815  821  795  833  871  806  476  427  477  447  446  453  482  458  432  449  427  452  446  470  452 
504  506  488  515  464  537  490  498  484  493  517  492  490  509  501  588  614  596  594  561  613  588  561  590  623  603  598  587  572  599  12   25   30   40   0    26   32   20   16   37   23   44   25   40   29   842  838  836  828  838  809  864  808  849  820  839  815  837  837  824  359  410  392  400  387  403  400  413  400  403  384  400  384  402  395  890  891  859  871  913  891  865  875  911  867  922  890  921  891  895  438  459  434  444  444  426  444  439  433  422  412  417  442  448  421  517  536  522  494  528  509  548  505  499  498  509  521  509  493  507  140  121  139  98   113  140  154  121  135  151  148  118  152  158  120  275  236  263  236  271  267  243  212  244  264  197  265  291  254  265  807  804  824  825  850  802  827  756  793  773  791  803  806  840  838  571  551  598  542  604  565  555  594  542  577  556  607  596  552  514  289  294  350  282  331  322  342  302  289  261  315  332  344  297  276  763  751  766  781  796  818  783  779  810  777  782  758  794  832  767  459  408  460  432  431  436  467  441  415  433  409  433  432  458  433 
