100
0    8    16   27   58   35   18   19   21   20   14   44   14   17   5    8    42   27   7    32   183  204  167  163  196  173  194  180  187  183  210  173  180  161  199  173  194  178  210  163  523  518  488  538  499  509  501  496  524  494  524  475  522  477  516  498  527  508  505  533  390  369  413  366  365  359  363  370  327  341  372  351  366  361  378  377  361  356  358  413  674  679  681  661  687  635  674  649  672  657  662  661  691  667  664  651  650  653  684  646 
8    0    19   34   54   31   16   13   25   27   10   37   17   9    12   17   47   20   2    35   175  196  159  155  188  166  186  172  179  175  202  165  172  153  191  165  186  170  202  155  525  520  490  541  502  512  503  497  526  496  526  478  523  479  518  500  529  510  507  536  394  372  417  369  369  362  367  372  330  344  376  354  370  364  381  381  365  360  362  417  670  676  678  658  684  632  671  646  669  654  658  657  688  663  661  648  647  650  681  643 
16   19   0    38   45   50   9    18   7    19   29   39   2    25   14   18   57   27   17   16   189  207  169  169  203  180  198  184  188  188  215  177  183  164  203  177  201  182  215  169  507  502  472  522  483  493  485  479  508  477  507  459  505  461  500  482  511  492  489  517  403  384  428  380  379  373  377  385  342  356  386  365  379  375  392  391  376  369  372  427  659  664  666  647  672  621  660  635  658  642  647  647  676  652  650  636  636  639  669  632 
27   34   38   0    83   43   43   46   37   23   32   71   36   42   24   19   21   54   34   48   201  227  191  183  214  193  215  202  210  203  231  194  203  184  220  193  212  199  230  183  533  526  498  548  508  517  510  506  531  504  534  484  532  489  526  507  536  516  514  540  365  348  391  342  341  336  340  349  305  319  348  328  342  338  355  353  338  332  334  389  697  701  704  685  710  658  697  673  696  680  685  684  714  690  688  674  674  677  707  669 
58   54   45   83   0    79   40   41   49   64   63   27   47   51   59   63   101  40   53   43   176  182  144  153  189  166  178  164  163  170  195  158  158  142  183  159  188  163  197  153  484  481  450  500  462  474  464  456  489  454  484  438  481  436  478  460  490  472  468  499  448  426  471  424  423  416  421  427  385  398  430  409  424  419  435  435  419  414  416  471  616  621  623  604  629  577  617  592  615  599  604  603  634  609  606  593  592  595  626  589 
35   31   50   43   79   0    46   39   56   52   21   55   48   29   39   40   42   39   33   66   158  187  152  141  171  150  174  161  171  161  189  152  164  144  178  152  169  157  188  141  557  552  522  572  533  543  535  529  558  527  557  509  554  510  550  532  561  542  538  567  376  349  394  349  350  341  347  349  309  322  357  334  351  344  361  361  344  342  343  397  693  700  701  680  707  655  694  668  692  677  681  680  712  686  683  671  669  672  704  666 
18   16   9    43   40   46   0    9    17   27   26   30   9    19   18   23   60   18   14   22   180  197  160  159  194  171  189  175  179  178  205  168  173  155  194  168  192  173  206  159  510  505  475  525  486  497  488  482  511  480  510  462  508  463  503  485  514  495  492  521  408  387  431  384  383  377  381  388  345  359  390  369  384  379  396  395  379  374  376  431  656  661  663  643  669  617  656  631  654  639  644  643  673  649  646  633  632  635  666  628 
19   13   18   46   41   39   9    0    26   34   21   25   17   10   22   27   60   9    12   31   171  189  151  150  184  161  180  166  171  169  196  159  165  146  185  159  182  164  197  150  518  513  483  533  494  505  496  489  519  488  518  470  515  471  511  493  522  503  500  529  407  384  429  382  382  375  380  385  343  357  389  367  383  377  394  394  377  373  375  429  658  663  665  645  671  619  658  633  657  641  646  645  676  651  648  635  634  637  668  630 
21   25   7    37   49   56   17   26   0    14   35   46   8    32   17   19   57   35   23   11   197  214  176  176  210  187  206  192  196  195  222  185  190  172  211  185  208  190  223  176  503  497  468  518  479  488  480  475  503  473  503  454  501  457  495  477  506  487  484  512  402  384  428  379  378  373  377  386  342  356  385  365  378  375  392  390  375  368  371  426  660  664  667  648  673  621  660  636  659  643  648  647  677  653  651  637  637  640  670  632 
20   27   19   23   64   52   27   34   14   0    33   57   18   36   15   12   44   43   26   25   203  223  186  183  216  193  213  199  205  202  230  192  199  180  218  192  214  197  230  183  512  505  476  526  487  496  489  484  510  482  512  463  510  466  504  486  515  495  492  520  387  371  414  365  363  359  363  372  328  342  371  350  364  361  377  376  361  354  357  412  674  678  681  662  687  636  675  651  673  657  662  662  691  667  665  651  651  654  684  646 
14   10   29   32   63   21   26   21   35   33   0    43   27   13   18   21   41   26   12   45   171  195  158  152  184  162  183  170  178  172  200  162  171  152  188  162  182  167  199  152  536  531  501  551  512  522  514  508  537  506  536  488  534  490  529  511  540  521  518  546  386  362  407  361  361  353  358  363  321  335  368  345  361  356  372  372  356  352  354  408  680  685  687  667  693  641  680  655  678  663  667  666  697  672  670  657  656  659  690  652 
44   37   39   71   27   55   30   25   46   57   43   0    39   30   47   52   84   17   37   46   156  169  131  134  169  146  161  147  150  152  179  141  145  127  166  141  168  146  180  134  512  509  478  528  490  502  491  484  516  482  512  466  509  464  506  488  518  499  496  527  429  404  449  403  404  395  401  404  364  377  411  388  405  398  415  415  398  395  397  451  638  644  645  625  652  599  639  613  637  622  626  625  656  631  628  615  614  617  649  611 
14   17   2    36   47   48   9    17   8    18   27   39   0    23   12   16   55   27   15   18   188  206  169  168  202  179  197  183  188  187  214  177  182  164  202  176  200  182  215  168  509  504  474  524  485  495  487  481  510  480  510  461  507  463  502  484  513  494  491  519  401  382  426  378  377  371  375  383  340  354  384  363  378  373  390  389  374  368  370  425  661  666  668  649  674  623  662  637  660  644  649  649  678  654  652  638  638  641  671  634 
17   9    25   42   51   29   19   10   32   36   13   30   23   0    22   26   54   13   10   40   166  187  150  146  179  156  177  163  169  165  193  156  163  144  181  155  177  161  193  146  528  524  493  544  505  515  506  500  530  498  528  481  526  481  521  503  533  514  510  540  399  375  420  373  374  366  371  375  334  347  380  358  374  368  385  385  368  365  367  421  667  673  674  654  681  628  668  642  666  651  655  654  685  660  657  644  643  646  677  640 
5    12   14   24   59   39   18   22   17   15   18   47   12   22   0    5    42   31   11   29   188  209  172  168  201  178  199  185  191  188  215  178  185  166  204  177  199  183  215  168  520  515  485  535  496  506  498  493  520  491  521  472  519  475  513  495  524  505  502  530  389  369  414  365  364  359  363  370  327  341  372  350  365  361  377  377  361  355  358  412  674  678  681  662  687  635  674  650  672  657  662  661  691  667  664  651  650  653  684  646 
8    17   18   19   63   40   23   27   19   12   21   52   16   26   5    0    38   35   16   31   191  213  176  172  205  182  203  189  196  191  219  182  189  170  208  181  202  187  219  172  522  516  487  537  497  507  499  494  521  492  522  473  520  476  514  496  525  506  503  531  385  366  410  361  360  355  359  367  323  337  367  346  361  357  373  373  357  351  353  408  678  682  685  666  691  639  678  654  677  661  666  665  695  671  669  655  655  657  688  650 
42   47   57   21   101  42   60   60   57   44   41   84   55   54   42   38   0    66   48   68   199  229  195  183  212  191  216  203  213  203  231  195  207  187  220  194  210  200  230  183  554  546  518  568  529  537  531  527  551  525  555  504  553  509  546  528  556  536  534  560  347  327  371  323  322  316  320  328  285  299  329  308  323  318  335  334  319  313  315  370  716  721  723  704  729  678  717  692  715  699  704  703  733  709  707  693  693  696  726  689 
27   20   27   54   40   39   18   9    35   43   26   17   27   13   31   35   66   0    20   39   162  179  142  141  175  152  170  156  161  160  187  150  155  137  175  149  173  155  188  141  521  517  486  536  497  509  499  492  523  491  520  474  518  473  514  496  525  507  503  533  412  388  433  386  387  378  384  388  347  360  393  371  387  381  398  398  381  378  379  434  654  660  662  642  668  616  655  630  653  638  642  641  673  647  645  632  631  634  665  627 
7    2    17   34   53   33   14   12   23   26   12   37   15   10   11   16   48   20   0    33   176  197  160  157  190  167  187  173  179  176  204  166  173  154  192  166  188  171  204  157  523  518  488  539  500  510  501  496  524  494  524  476  521  477  516  498  527  508  505  534  395  373  418  370  370  363  368  374  332  345  377  355  371  366  382  382  366  361  363  418  669  674  676  657  682  631  670  645  668  653  657  656  687  662  660  647  646  649  679  642 
32   35   16   48   43   66   22   31   11   25   45   46   18   40   29   31   68   39   33   0    201  216  178  180  215  191  208  194  197  198  225  188  191  174  213  188  213  193  226  180  491  486  456  506  467  477  469  464  492  462  492  443  490  445  484  466  495  476  473  501  412  396  439  390  388  384  388  397  353  367  396  375  389  386  402  401  386  379  382  437  649  653  656  637  662  611  650  626  648  632  637  637  666  642  640  626  626  629  659  621 
183  175  189  201  176  158  180  171  197  203  171  156  188  166  188  191  199  162  176  201  0    53   55   23   13   10   31   32   54   19   38   27   50   45   32   25   11   26   33   23   635  637  603  652  616  632  618  606  646  605  633  594  628  583  630  614  644  628  623  658  473  423  470  438  445  424  436  419  394  404  450  423  447  431  446  451  430  441  437  484  672  686  682  656  690  634  673  644  671  660  658  655  696  663  660  652  646  650  686  648 
204  196  207  227  182  187  197  189  214  223  195  169  206  187  209  213  229  179  197  216  53   0    38   52   51   52   21   28   19   35   25   37   24   42   21   39   53   33   33   52   610  615  579  628  593  612  595  581  625  581  608  572  603  558  606  591  621  606  601  637  523  475  522  488  495  476  487  471  445  456  500  474  497  482  498  501  481  490  487  535  624  639  634  607  642  586  625  596  623  612  610  607  648  615  611  604  597  601  638  600 
167  159  169  191  144  152  160  151  176  186  158  131  169  150  172  176  195  142  160  178  55   38   0    38   62   47   37   26   19   38   54   27   14   13   42   30   63   29   58   38   583  586  551  600  564  582  566  554  596  553  581  543  576  531  578  562  592  577  571  607  501  458  505  468  474  457  467  455  425  437  479  453  475  462  478  481  461  468  466  516  619  632  629  603  637  581  620  592  618  606  605  603  642  610  607  598  593  597  633  595 
163  155  169  183  153  141  159  150  176  183  152  134  168  146  168  172  183  141  157  180  23   52   38   0    35   13   33   24   44   20   48   15   38   26   37   13   34   19   47   0    612  614  580  629  593  609  595  583  623  582  610  571  606  560  607  591  621  605  600  634  471  425  472  437  444  425  436  421  394  405  449  422  445  431  446  450  430  438  436  484  658  671  667  642  675  619  659  630  656  644  644  641  680  649  646  637  631  635  671  633 
196  188  203  214  189  171  194  184  210  216  184  169  202  179  201  205  212  175  190  215  13   51   62   35   0    23   31   37   57   24   31   36   54   55   30   34   3    33   24   35   645  647  613  662  626  643  628  616  657  615  643  604  638  593  640  624  654  638  633  668  481  429  476  445  453  432  444  425  402  411  458  430  455  438  454  458  437  449  445  491  675  689  685  658  693  637  676  646  673  662  661  657  698  665  662  654  648  652  689  651 
173  166  180  193  166  150  171  161  187  193  162  146  179  156  178  182  191  152  167  191  10   52   47   13   23   0    31   27   49   16   41   20   44   37   34   17   21   21   39   13   625  627  593  642  606  622  608  596  636  595  623  584  618  573  620  604  634  618  613  647  471  423  470  436  443  424  435  419  393  403  448  422  445  430  446  449  429  439  436  483  667  680  676  650  684  628  667  638  665  653  652  650  689  657  654  645  640  644  680  642 
194  186  198  215  178  174  189  180  206  213  183  161  197  177  199  203  216  170  187  208  31   21   37   33   31   31   0    14   27   15   17   21   26   35   5    21   33   16   20   33   620  623  588  637  602  620  604  591  633  590  618  580  613  568  615  599  629  614  609  645  503  454  501  468  475  455  466  450  424  435  480  453  477  461  477  481  460  470  467  515  644  658  653  627  661  605  644  615  642  631  629  626  667  634  631  623  617  621  657  619 
180  172  184  202  164  161  175  166  192  199  170  147  183  163  185  189  203  156  173  194  32   28   26   24   37   27   14   0    22   13   31   9    18   21   19   11   38   5    34   24   609  612  577  626  590  608  592  580  622  579  607  569  602  557  604  588  618  603  597  633  495  448  496  461  468  449  460  445  418  429  473  446  469  455  471  474  454  463  460  508  640  654  650  624  658  602  641  612  639  627  626  623  663  631  628  619  614  618  654  616 
187  179  188  210  163  171  179  171  196  205  178  150  188  169  191  196  213  161  179  197  54   19   19   44   57   49   27   22   0    35   40   30   7    27   30   32   59   28   46   44   594  598  563  611  576  595  578  565  608  564  592  555  587  542  589  574  604  589  584  620  515  469  517  481  487  469  480  466  438  449  493  466  489  475  491  494  474  482  479  528  618  632  628  602  636  580  619  590  616  605  604  601  641  609  605  597  591  595  632  594 
183  175  188  203  170  161  178  169  195  202  172  152  187  165  188  191  203  160  176  198  19   35   38   20   24   16   15   13   35   0    28   12   31   31   18   11   25   9    27   20   621  623  589  638  602  619  604  592  633  591  619  580  614  569  616  600  630  614  609  645  488  439  486  453  460  440  451  436  410  420  465  438  462  446  462  466  445  455  452  500  653  667  663  637  671  615  654  625  652  641  639  636  677  644  641  633  627  631  667  629 
210  202  215  231  195  189  205  196  222  230  200  179  214  193  215  219  231  187  204  225  38   25   54   48   31   41   17   31   40   28   0    37   41   52   12   37   33   32   7    48   634  638  603  651  616  635  618  605  648  604  632  595  627  582  629  614  644  629  624  660  511  460  507  475  483  462  474  456  432  442  488  461  485  469  484  488  467  479  475  522  649  664  659  632  667  611  650  620  647  637  634  631  673  639  636  628  622  626  663  625 
173  165  177  194  158  152  168  159  185  192  162  141  177  156  178  182  195  150  166  188  27   37   27   15   36   20   21   9    30   12   37   0    24   19   25   2    36   5    38   15   609  611  577  626  590  607  592  580  621  579  607  568  602  557  604  588  618  602  597  632  487  440  487  452  459  440  451  437  409  420  464  437  460  446  462  465  445  454  451  500  646  659  655  630  663  607  647  618  644  633  632  629  669  637  634  625  619  623  659  621 
180  172  183  203  158  164  173  165  190  199  171  145  182  163  185  189  207  155  173  191  50   24   14   38   54   44   26   18   7    31   41   24   0    20   30   27   55   23   46   38   594  597  562  611  576  594  578  565  607  564  592  555  587  542  589  573  603  589  583  619  508  462  510  474  480  462  473  459  431  442  486  459  482  468  484  487  467  475  473  522  622  636  632  606  640  584  623  594  621  609  608  605  645  613  610  601  596  600  636  598 
161  153  164  184  142  144  155  146  172  180  152  127  164  144  166  170  187  137  154  174  45   42   13   26   55   37   35   21   27   31   52   19   20   0    40   21   55   22   55   26   590  592  558  607  571  588  573  561  602  560  588  549  583  538  585  569  599  583  578  613  489  445  492  456  462  444  454  442  413  424  467  441  463  450  466  469  449  456  454  503  632  645  641  616  649  593  633  604  630  618  618  615  654  623  620  611  606  609  645  607 
199  191  203  220  183  178  194  185  211  218  188  166  202  181  204  208  220  175  192  213  32   21   42   37   30   34   5    19   30   18   12   25   30   40   0    26   32   20   16   37   624  627  592  641  606  624  608  595  638  594  622  585  617  572  619  604  634  619  613  649  505  456  503  470  477  457  469  452  427  437  482  455  479  464  479  483  462  473  469  517  645  659  655  628  663  607  646  616  643  632  631  627  668  635  632  624  618  622  659  621 
173  165  177  193  159  152  168  159  185  192  162  141  176  155  177  181  194  149  166  188  25   39   30   13   34   17   21   11   32   11   37   2    27   21   26   0    34   6    38   13   611  613  579  628  592  609  594  582  623  581  609  570  604  559  606  590  620  604  599  634  484  437  485  450  457  438  448  434  407  417  462  435  458  444  459  463  442  451  449  497  649  662  658  633  666  610  650  621  647  636  635  632  672  639  636  628  622  626  662  624 
194  186  201  212  188  169  192  182  208  214  182  168  200  177  199  202  210  173  188  213  11   53   63   34   3    21   33   38   59   25   33   36   55   55   32   34   0    33   27   34   645  647  613  662  626  643  628  616  657  615  643  604  638  593  640  624  654  638  633  668  478  426  473  442  450  429  441  422  399  408  455  427  452  435  451  455  434  446  442  488  677  691  686  660  694  638  678  648  675  664  662  659  700  667  664  656  650  654  690  652 
178  170  182  199  163  157  173  164  190  197  167  146  182  161  183  187  200  155  171  193  26   33   29   19   33   21   16   5    28   9    32   5    23   22   20   6    33   0    33   19   612  614  580  629  593  610  595  583  624  582  610  571  605  560  607  591  621  606  600  636  490  443  490  456  462  443  454  439  412  423  467  441  464  449  465  469  448  457  454  503  646  659  655  629  663  607  647  618  644  633  632  629  669  636  633  625  619  623  659  621 
210  202  215  230  197  188  206  197  223  230  199  180  215  193  215  219  230  188  204  226  33   33   58   47   24   39   20   34   46   27   7    38   46   55   16   38   27   33   0    47   640  643  608  657  622  640  624  611  654  610  638  601  633  588  635  620  650  635  629  665  505  454  501  469  477  456  468  450  426  436  482  455  479  463  478  482  461  473  469  516  657  672  666  640  675  618  657  628  655  644  642  639  680  647  644  636  630  634  671  633 
163  155  169  183  153  141  159  150  176  183  152  134  168  146  168  172  183  141  157  180  23   52   38   0    35   13   33   24   44   20   48   15   38   26   37   13   34   19   47   0    612  614  580  629  593  609  595  583  623  582  610  571  606  560  607  591  621  605  600  634  471  425  472  437  444  425  436  421  394  405  449  422  445  431  446  450  430  438  436  484  658  671  667  642  675  619  659  630  656  644  644  641  680  649  646  637  631  635  671  633 
523  525  507  533  484  557  510  518  503  512  536  512  509  528  520  522  554  521  523  491  635  610  583  612  645  625  620  609  594  621  634  609  594  590  624  611  645  612  640  612  0    31   35   17   29   50   28   29   47   30   8    53   18   53   10   28   21   36   30   57   845  856  892  837  828  837  834  860  809  824  836  824  827  835  850  845  836  815  824  877  414  392  411  420  409  396  414  414  415  395  415  420  408  418  419  398  412  411  410  392 
518  520  502  526  481  552  505  513  497  505  531  509  504  524  515  516  546  517  518  486  637  615  586  614  647  627  623  612  598  623  638  611  597  592  627  613  647  614  643  614  31   0    37   30   22   19   20   43   17   42   39   43   48   69   23   25   13   10   14   29   829  843  878  822  813  823  819  847  796  811  821  810  812  821  835  830  822  800  809  861  445  423  442  450  440  425  445  444  445  426  445  451  439  448  449  428  442  441  441  423 
488  490  472  498  450  522  475  483  468  476  501  478  474  493  485  487  518  486  488  456  603  579  551  580  613  593  588  577  563  589  603  577  562  558  592  579  613  580  608  580  35   37   0    50   14   44   16   16   52   13   38   20   41   34   27   11   41   32   23   65   809  820  856  801  792  801  798  824  774  788  800  789  792  799  814  809  801  780  788  841  423  403  421  427  420  401  423  420  423  404  422  427  419  425  426  405  419  417  420  400 
538  541  522  548  500  572  525  533  518  526  551  528  524  544  535  537  568  536  539  506  652  628  600  629  662  642  637  626  611  638  651  626  611  607  641  628  662  629  657  629  17   30   50   0    39   49   38   46   41   47   23   64   32   71   22   40   17   39   37   48   856  868  904  849  839  849  846  872  822  836  848  836  839  847  862  856  848  827  835  888  424  401  420  430  418  406  423  425  424  405  425  431  416  427  429  408  423  421  419  402 
499  502  483  508  462  533  486  494  479  487  512  490  485  505  496  497  529  497  500  467  616  593  564  593  626  606  602  590  576  602  616  590  576  571  606  592  626  593  622  593  29   22   14   39   0    32   2    24   38   21   34   25   40   47   19   3    28   18   9    51   816  828  864  809  800  809  806  833  782  796  808  797  799  807  822  817  809  787  796  849  431  411  429  436  427  411  431  429  432  412  431  436  426  434  435  414  428  426  428  408 
509  512  493  517  474  543  497  505  488  496  522  502  495  515  506  507  537  509  510  477  632  612  582  609  643  622  620  608  595  619  635  607  594  588  624  609  643  610  640  609  50   19   44   49   32   0    30   56   14   54   58   41   67   79   41   35   32   14   23   25   814  830  864  809  799  809  805  834  783  797  807  797  798  807  822  816  809  786  795  847  462  441  460  467  458  442  462  461  463  443  462  468  457  465  466  445  459  458  459  440 
501  503  485  510  464  535  488  496  480  489  514  491  487  506  498  499  531  499  501  469  618  595  566  595  628  608  604  592  578  604  618  592  578  573  608  594  628  595  624  595  28   20   16   38   2    30   0    25   36   23   34   26   41   49   18   5    26   16   7    49   817  830  865  810  801  810  807  834  783  798  809  798  801  808  823  818  810  789  797  850  433  412  430  438  429  412  433  431  433  413  432  438  428  435  436  416  429  428  430  410 
496  497  479  506  456  529  482  489  475  484  508  484  481  500  493  494  527  492  496  464  606  581  554  583  616  596  591  580  565  592  605  580  565  561  595  582  616  583  611  583  29   43   16   46   24   56   25   0    60   3    28   36   27   25   25   20   42   42   32   73   821  831  867  812  804  812  809  835  784  799  812  800  803  810  825  820  812  792  799  853  408  387  406  412  404  387  408  406  408  388  407  413  403  410  411  391  404  403  405  385 
524  526  508  531  489  558  511  519  503  510  537  516  510  530  520  521  551  523  524  492  646  625  596  623  657  636  633  622  608  633  648  621  607  602  638  623  657  624  654  623  47   17   52   41   38   14   36   60   0    59   55   53   65   85   40   41   26   20   29   13   828  844  878  823  813  824  820  848  797  812  821  811  812  821  836  830  823  800  809  861  462  439  459  467  456  443  461  461  462  443  462  468  455  465  466  445  459  458  458  440 
494  496  477  504  454  527  480  488  473  482  506  482  480  498  491  492  525  491  494  462  605  581  553  582  615  595  590  579  564  591  604  579  564  560  594  581  615  582  610  582  30   42   13   47   21   54   23   3    59   0    30   32   30   26   25   18   42   40   30   72   818  828  865  810  801  809  807  832  782  796  809  797  801  808  823  818  809  789  797  850  411  390  409  415  407  389  410  408  411  391  410  415  406  413  414  393  406  405  408  387 
524  526  507  534  484  557  510  518  503  512  536  512  510  528  521  522  555  520  524  492  633  608  581  610  643  623  618  607  592  619  632  607  592  588  622  609  643  610  638  610  8    39   38   23   34   58   34   28   55   30   0    57   10   50   17   33   30   44   37   65   848  858  894  839  831  839  836  862  812  826  839  827  830  837  852  847  839  818  826  880  406  384  403  412  401  387  406  406  407  387  406  412  400  409  410  390  404  402  402  384 
475  478  459  484  438  509  462  470  454  463  488  466  461  481  472  473  504  474  476  443  594  572  543  571  604  584  580  569  555  580  595  568  555  549  585  570  604  571  601  571  53   43   20   64   25   41   26   36   53   32   57   0    61   47   43   25   51   34   29   65   791  803  839  784  775  784  781  808  757  771  783  772  774  782  797  792  784  763  771  824  439  420  438  443  437  417  439  436  440  420  438  443  436  441  442  421  434  433  437  416 
522  523  505  532  481  554  508  515  501  510  534  509  507  526  519  520  553  518  521  490  628  603  576  606  638  618  613  602  587  614  627  602  587  583  617  604  638  605  633  606  18   48   41   32   40   67   41   27   65   30   10   61   0    45   26   38   40   53   45   75   849  858  895  840  832  840  837  862  812  826  840  827  831  838  853  848  839  819  827  881  396  374  393  402  391  377  396  396  397  377  396  402  390  399  400  380  394  392  392  374 
477  479  461  489  436  510  463  471  457  466  490  464  463  481  475  476  509  473  477  445  583  558  531  560  593  573  568  557  542  569  582  557  542  538  572  559  593  560  588  560  53   69   34   71   47   79   49   25   85   26   50   47   45   0    51   43   68   65   56   98   810  817  855  800  792  799  797  821  771  786  800  787  792  798  813  808  799  780  787  841  392  373  391  396  390  369  392  388  393  373  391  396  389  394  395  374  387  386  390  368 
516  518  500  526  478  550  503  511  495  504  529  506  502  521  513  514  546  514  516  484  630  606  578  607  640  620  615  604  589  616  629  604  589  585  619  606  640  607  635  607  10   23   27   22   19   41   18   25   40   25   17   43   26   51   0    18   17   27   20   51   835  847  883  828  819  828  825  851  801  815  827  815  818  826  841  836  827  806  814  868  422  400  419  427  417  402  422  421  422  403  422  428  416  425  426  405  419  418  418  400 
498  500  482  507  460  532  485  493  477  486  511  488  484  503  495  496  528  496  498  466  614  591  562  591  624  604  599  588  574  600  614  588  573  569  604  590  624  591  620  591  28   25   11   40   3    35   5    20   41   18   33   25   38   43   18   0    30   22   12   54   816  828  864  809  800  809  806  832  782  796  808  796  799  807  822  817  808  787  796  849  428  407  426  433  424  407  428  426  428  409  427  433  423  431  431  411  424  423  425  405 
527  529  511  536  490  561  514  522  506  515  540  518  513  533  524  525  556  525  527  495  644  621  592  621  654  634  629  618  604  630  644  618  603  599  634  620  654  621  650  621  21   13   41   17   28   32   26   42   26   42   30   51   40   68   17   30   0    22   22   35   841  854  889  834  825  834  831  858  808  822  833  822  824  832  847  842  834  812  821  873  436  414  433  442  431  417  436  436  436  417  436  442  429  439  440  420  434  432  432  414 
508  510  492  516  472  542  495  503  487  495  521  499  494  514  505  506  536  507  508  476  628  606  577  605  638  618  614  603  589  614  629  602  589  583  619  604  638  606  635  605  36   10   32   39   18   14   16   42   20   40   44   34   53   65   27   22   22   0    9    33   819  832  867  812  803  812  809  837  786  800  811  800  802  810  825  820  812  790  799  851  448  426  445  453  443  427  447  446  448  428  447  453  442  450  451  431  444  443  444  425 
505  507  489  514  468  538  492  500  484  492  518  496  491  510  502  503  534  503  505  473  623  601  571  600  633  613  609  597  584  609  624  597  583  578  613  599  633  600  629  600  30   14   23   37   9    23   7    32   29   30   37   29   45   56   20   12   22   9    0    42   819  832  867  812  803  812  809  836  785  800  811  800  802  810  825  820  812  790  798  851  439  418  436  444  435  418  438  437  439  419  438  444  433  441  442  422  435  434  435  416 
533  536  517  540  499  567  521  529  512  520  546  527  519  540  530  531  560  533  534  501  658  637  607  634  668  647  645  633  620  645  660  632  619  613  649  634  668  636  665  634  57   29   65   48   51   25   49   73   13   72   65   65   75   98   51   54   35   33   42   0    834  851  884  829  819  830  826  855  804  818  827  817  818  828  842  836  829  806  815  867  471  449  468  477  466  453  471  471  472  452  472  478  464  475  476  455  469  468  467  450 
390  394  403  365  448  376  408  407  402  387  386  429  401  399  389  385  347  412  395  412  473  523  501  471  481  471  503  495  515  488  511  487  508  489  505  484  478  490  505  471  845  829  809  856  816  814  817  821  828  818  848  791  849  810  835  816  841  819  819  834  0    80   68   41   28   58   41   89   81   76   24   52   26   48   41   30   51   34   36   35   1062 1065 1068 1050 1074 1024 1062 1038 1061 1045 1050 1050 1078 1055 1053 1039 1039 1042 1071 1034
369  372  384  348  426  349  387  384  384  371  362  404  382  375  369  366  327  388  373  396  423  475  458  425  429  423  454  448  469  439  460  440  462  445  456  437  426  443  454  425  856  843  820  868  828  830  830  831  844  828  858  803  858  817  847  828  854  832  832  851  80   0    47   42   62   28   44   10   46   32   59   42   65   37   39   50   34   72   58   69   1042 1048 1050 1030 1056 1004 1043 1018 1041 1026 1030 1029 1060 1035 1033 1020 1019 1022 1053 1015
413  417  428  391  471  394  431  429  428  414  407  449  426  420  414  410  371  433  418  439  470  522  505  472  476  470  501  496  517  486  507  487  510  492  503  485  473  490  501  472  892  878  856  904  864  864  865  867  878  865  894  839  895  855  883  864  889  867  867  884  68   47   0    55   69   55   58   51   86   72   61   67   70   56   42   50   55   82   70   38   1087 1092 1095 1075 1101 1049 1088 1063 1086 1071 1075 1074 1105 1080 1078 1065 1064 1067 1098 1060
366  369  380  342  424  349  384  382  379  365  361  403  378  373  365  361  323  386  370  390  438  488  468  437  445  436  468  461  481  453  475  452  474  456  470  450  442  456  469  437  837  822  801  849  809  809  810  812  823  810  839  784  840  800  828  809  834  812  812  829  41   42   55   0    19   17   3    52   43   35   17   15   22   7    13   13   10   30   17   47   1039 1044 1046 1027 1052 1001 1040 1015 1038 1023 1028 1027 1057 1033 1030 1017 1016 1019 1049 1012
365  369  379  341  423  350  383  382  378  363  361  404  377  374  364  360  322  387  370  388  445  495  474  444  453  443  475  468  487  460  483  459  480  462  477  457  450  462  477  444  828  813  792  839  800  799  801  804  813  801  831  775  832  792  819  800  825  803  803  819  28   62   69   19   0    36   17   72   54   50   8    26   2    25   28   18   29   13   8    49   1038 1042 1045 1026 1051 1000 1039 1014 1037 1021 1026 1026 1055 1031 1029 1015 1015 1018 1048 1010
359  362  373  336  416  341  377  375  373  359  353  395  371  366  359  355  316  378  363  384  424  476  457  425  432  424  455  449  469  440  462  440  462  444  457  438  429  443  456  425  837  823  801  849  809  809  810  812  824  809  839  784  840  799  828  809  834  812  812  830  58   28   55   17   36   0    18   37   31   20   34   15   38   10   22   29   7    44   31   59   1033 1037 1040 1020 1046 994  1033 1008 1031 1016 1021 1020 1050 1026 1023 1010 1009 1012 1043 1005
363  367  377  340  421  347  381  380  377  363  358  401  375  371  363  359  320  384  368  388  436  487  467  436  444  435  466  460  480  451  474  451  473  454  469  448  441  454  468  436  834  819  798  846  806  805  807  809  820  807  836  781  837  797  825  806  831  809  809  826  41   44   58   3    17   18   0    54   42   35   16   13   20   7    16   14   11   28   14   50   1037 1041 1044 1025 1050 998  1037 1013 1036 1020 1025 1024 1054 1030 1028 1014 1014 1017 1047 1009
370  372  385  349  427  349  388  385  386  372  363  404  383  375  370  367  328  388  374  397  419  471  455  421  425  419  450  445  466  436  456  437  459  442  452  434  422  439  450  421  860  847  824  872  833  834  834  835  848  832  862  808  862  821  851  832  858  837  836  855  89   10   51   52   72   37   54   0    51   38   69   52   75   47   48   60   43   82   68   77   1043 1049 1050 1030 1056 1004 1043 1018 1041 1026 1030 1029 1061 1035 1033 1020 1019 1022 1053 1015
327  330  342  305  385  309  345  343  342  328  321  364  340  334  327  323  285  347  332  353  394  445  425  394  402  393  424  418  438  410  432  409  431  413  427  407  399  412  426  394  809  796  774  822  782  783  783  784  797  782  812  757  812  771  801  782  808  786  785  804  81   46   86   43   54   31   42   51   0    14   57   29   56   36   52   56   35   55   46   90   1001 1006 1008 989  1014 963  1002 977  1000 985  989  988  1019 994  992  979  978  981  1011 974 
341  344  356  319  398  322  359  357  356  342  335  377  354  347  341  337  299  360  345  367  404  456  437  405  411  403  435  429  449  420  442  420  442  424  437  417  408  423  436  405  824  811  788  836  796  797  798  799  812  796  826  771  826  786  815  796  822  800  800  818  76   32   72   35   50   20   35   38   14   0    51   24   53   28   42   48   26   55   43   80   1015 1020 1022 1002 1028 976  1015 990  1014 998  1003 1002 1032 1008 1005 992  991  994  1025 987 
372  376  386  348  430  357  390  389  385  371  368  411  384  380  372  367  329  393  377  396  450  500  479  449  458  448  480  473  493  465  488  464  486  467  482  462  455  467  482  449  836  821  800  848  808  807  809  812  821  809  839  783  840  800  827  808  833  811  811  827  24   59   61   17   8    34   16   69   57   51   0    28   9    24   22   11   27   21   13   41   1045 1049 1052 1033 1058 1007 1046 1022 1044 1028 1033 1033 1062 1038 1036 1022 1022 1025 1055 1018
351  354  365  328  409  334  369  367  365  350  345  388  363  358  350  346  308  371  355  375  423  474  453  422  430  422  453  446  466  438  461  437  459  441  455  435  427  441  455  422  824  810  789  836  797  797  798  800  811  797  827  772  827  787  815  796  822  800  800  817  52   42   67   15   26   15   13   52   29   24   28   0    29   10   27   27   12   31   19   63   1025 1029 1032 1013 1038 986  1025 1001 1023 1008 1013 1012 1042 1018 1015 1002 1001 1004 1035 997 
366  370  379  342  424  351  384  383  378  364  361  405  378  374  365  361  323  387  371  389  447  497  475  445  455  445  477  469  489  462  485  460  482  463  479  458  452  464  479  445  827  812  792  839  799  798  801  803  812  801  830  774  831  792  818  799  824  802  802  818  26   65   70   22   2    38   20   75   56   53   9    29   0    28   30   20   31   12   10   49   1038 1042 1045 1027 1051 1000 1039 1015 1037 1021 1027 1026 1055 1032 1030 1016 1016 1018 1048 1011
361  364  375  338  419  344  379  377  375  361  356  398  373  368  361  357  318  381  366  386  431  482  462  431  438  430  461  455  475  446  469  446  468  450  464  444  435  449  463  431  835  821  799  847  807  807  808  810  821  808  837  782  838  798  826  807  832  810  810  828  48   37   56   7    25   10   7    47   36   28   24   10   28   0    16   20   3    34   21   53   1035 1039 1042 1023 1048 996  1036 1011 1034 1018 1023 1022 1052 1028 1026 1012 1012 1015 1045 1007
378  381  392  355  435  361  396  394  392  377  372  415  390  385  377  373  335  398  382  402  446  498  478  446  454  446  477  471  491  462  484  462  484  466  479  459  451  465  478  446  850  835  814  862  822  822  823  825  836  823  852  797  853  813  841  822  847  825  825  842  41   39   42   13   28   22   16   48   52   42   22   27   30   16   0    11   17   41   28   37   1052 1056 1059 1039 1065 1013 1052 1027 1050 1035 1040 1039 1069 1045 1042 1029 1028 1031 1062 1024
377  381  391  353  435  361  395  394  390  376  372  415  389  385  377  373  334  398  382  401  451  501  481  450  458  449  481  474  494  466  488  465  487  469  483  463  455  469  482  450  845  830  809  856  817  816  818  820  830  818  847  792  848  808  836  817  842  820  820  836  30   50   50   13   18   29   14   60   56   48   11   27   20   20   11   0    22   31   21   35   1051 1055 1058 1039 1063 1012 1051 1027 1050 1034 1039 1038 1068 1044 1042 1028 1028 1030 1061 1023
361  365  376  338  419  344  379  377  375  361  356  398  374  368  361  357  319  381  366  386  430  481  461  430  437  429  460  454  474  445  467  445  467  449  462  442  434  448  461  430  836  822  801  848  809  809  810  812  823  809  839  784  839  799  827  808  834  812  812  829  51   34   55   10   29   7    11   43   35   26   27   12   31   3    17   22   0    38   24   54   1035 1040 1042 1023 1048 997  1036 1011 1034 1018 1023 1022 1052 1028 1026 1012 1012 1015 1045 1008
356  360  369  332  414  342  374  373  368  354  352  395  368  365  355  351  313  378  361  379  441  490  468  438  449  439  470  463  482  455  479  454  475  456  473  451  446  457  473  438  815  800  780  827  787  786  789  792  800  789  818  763  819  780  806  787  812  790  790  806  34   72   82   30   13   44   28   82   55   55   21   31   12   34   41   31   38   0    13   61   1028 1032 1035 1017 1041 990  1029 1005 1027 1011 1017 1016 1045 1022 1019 1005 1006 1008 1038 1000
358  362  372  334  416  343  376  375  371  357  354  397  370  367  358  353  315  379  363  382  437  487  466  436  445  436  467  460  479  452  475  451  473  454  469  449  442  454  469  436  824  809  788  835  796  795  797  799  809  797  826  771  827  787  814  796  821  799  798  815  36   58   70   17   8    31   14   68   46   43   13   19   10   21   28   21   24   13   0    55   1031 1035 1038 1020 1044 993  1032 1008 1030 1014 1020 1019 1048 1025 1022 1009 1009 1011 1041 1004
