200
0    505  274  1037 271  400  902  773  733  681  495  778  922  431  348  652  734  887  921  498  16   836  689  951  641  575  1032 983  881  462  482  913  817  745  732  828  122  860  933  867  682  690  1003 917  393  492  610  942  814  898  731  440  654  962  928  379  1095 865  875  208  391  244  975  760  861  622  729  1032 809  1024 254  837  943  971  270  584  643  845  201  457  648  1072 93   282  762  825  804  415  316  667  607  194  183  594  741  29   341  477  416  1091 113  1027 219  172  410  282  392  700  616  301  194  583  713  754  699  544  742  1120 639  585  385  938  735  895  561  286  151  638  482  609  689  996  680  383  680  1040 962  846  536  948  353  1085 694  794  813  686  535  845  132  783  833  255  731  325  905  550  557  503  548  483  36   300  169  757  483  710  494  407  509  232  596  839  461  442  424  522  316  417  972  1111 410  704  403  229  340  631  546  298  459  821  55   724  835  575  551  752  635  467  170  423 
505  0    349  604  306  327  397  285  236  607  261  487  551  482  476  354  229  435  429  257  490  394  405  564  371  544  530  480  540  326  348  536  357  255  468  368  386  355  512  362  464  447  502  429  197  155  390  539  355  462  510  330  347  498  519  155  623  457  496  305  477  331  483  515  472  553  367  528  355  533  499  428  524  551  344  303  155  440  520  111  490  579  485  407  547  335  519  143  587  603  292  336  469  623  433  516  333  431  199  607  404  531  288  353  248  653  390  324  573  440  511  569  310  461  365  310  239  641  420  428  297  436  374  391  518  363  551  625  295  263  644  507  690  450  432  580  474  448  302  443  410  619  189  380  492  368  303  352  475  540  328  393  312  518  579  383  333  39   51   564  514  451  457  303  562  366  546  414  57   348  499  401  97   224  242  22   288  488  500  639  367  316  310  331  170  237  380  476  60   359  484  314  367  542  376  310  458  457  338  473 
274  349  0    950  48   451  717  560  533  780  232  773  876  197  500  633  562  783  705  484  268  590  682  685  369  685  864  812  609  188  523  863  581  536  738  716  224  680  854  682  407  416  799  775  165  423  335  680  578  807  761  165  386  847  669  307  972  794  823  228  169  317  827  779  598  718  681  854  702  877  150  764  865  713  8    566  504  775  182  367  703  922  201  410  797  683  529  343  238  770  574  105  139  734  469  267  408  564  179  954  250  872  206  122  410  310  126  442  724  446  176  702  639  480  433  273  555  989  661  633  421  769  688  699  662  21   234  763  494  354  803  853  819  148  405  929  820  586  266  764  466  968  521  541  793  660  534  698  344  804  651  379  484  174  632  587  565  328  374  635  259  452  135  649  634  671  634  148  383  45   675  745  265  422  167  356  353  191  737  988  138  639  129  300  194  386  583  465  333  708  225  475  604  683  584  512  362  213  156  187 
1037 604  950  0    905  667  413  556  526  638  838  347  177  1082 813  410  446  170  542  546  1021 694  396  870  885  676  324  341  920  916  600  171  644  551  395  238  917  406  105  420  979  951  487  248  801  548  927  829  646  143  445  924  846  134  807  668  150  174  190  833  1080 799  249  409  817  636  317  368  249  235  1097 201  95   804  944  467  453  195  1109 593  532  246  1051 808  449  308  966  630  1187 647  437  915  1057 754  892  1058 721  663  801  200  923  269  829  926  632  1243 992  770  667  818  1100 698  324  921  830  869  486  185  474  546  668  339  312  456  662  966  1126 711  574  774  678  223  756  1054 938  90   226  792  865  398  756  120  478  739  294  373  522  306  951  409  423  819  710  1122 962  550  511  633  593  790  1059 827  1042 301  787  341  758  1014 567  942  604  204  698  596  841  602  726  1089 647  153  967  333  911  811  758  722  552  850  617  247  1038 723  623  675  544  673  998  1051 899  1074
271  306  48   905  0    406  683  532  501  736  224  725  829  239  463  585  525  739  678  436  262  573  633  680  371  641  828  776  610  197  476  816  560  506  690  672  200  645  808  648  420  425  770  735  135  375  344  672  557  761  713  177  383  804  659  259  930  747  776  189  214  277  787  731  590  673  633  819  658  838  192  717  819  702  41   517  462  728  215  319  656  883  210  373  749  642  536  295  282  725  526  81   167  693  471  268  365  520  154  914  227  834  166  102  363  347  160  431  680  410  208  659  592  484  428  273  520  948  613  586  375  733  640  667  619  68   257  720  446  341  759  813  777  192  413  886  780  576  266  730  425  925  484  528  745  611  486  658  322  756  616  342  467  222  636  540  517  288  335  596  261  416  159  605  595  623  594  184  337  46   630  700  228  374  153  315  309  235  716  946  163  591  137  262  147  368  536  431  287  664  227  459  581  640  537  492  379  248  128  229 
400  327  451  667  406  0    654  595  539  329  523  378  531  645  167  261  493  538  724  128  384  720  292  892  666  240  744  704  862  554  81   524  679  565  331  494  298  609  561  623  749  740  775  606  405  196  668  866  677  538  333  544  653  618  846  192  752  492  489  235  620  160  667  360  799  267  349  758  472  709  556  466  571  878  443  199  379  471  537  217  258  756  445  141  365  527  829  186  646  320  230  362  491  306  745  426  59   117  426  761  292  723  250  359  79   659  560  646  277  154  528  261  355  770  680  583  526  782  239  190  33   661  355  665  215  472  526  322  93   574  355  679  383  598  725  688  646  775  574  692  99   735  467  707  417  297  144  550  292  383  590  154  639  610  900  150  161  357  376  237  429  164  472  427  234  326  220  586  284  417  223  486  373  111  467  350  99   641  812  766  554  340  507  177  299  559  146  189  268  489  419  641  685  238  151  637  727  648  320  635 
902  397  717  413  683  654  0    178  185  814  532  560  490  788  821  503  170  288  130  534  888  287  533  457  525  797  156  104  512  613  631  472  241  191  579  253  783  45   385  35   608  578  123  166  551  462  576  416  244  332  641  630  482  280  394  538  334  385  450  701  800  714  171  621  409  781  432  137  268  209  866  374  392  392  714  509  278  386  898  466  682  240  879  772  667  160  570  511  944  817  475  728  851  885  505  914  685  719  539  291  800  186  685  747  583  1027 711  395  809  799  891  823  366  533  454  541  163  333  599  650  635  78   435  43   773  726  939  864  579  431  857  202  925  775  567  337  187  385  539  47   752  348  208  340  526  485  550  142  866  637  69   766  329  866  553  623  564  401  355  867  911  810  841  274  864  454  840  727  402  729  730  310  455  545  565  380  657  801  241  349  681  390  632  718  564  378  622  836  447  248  881  343  217  795  614  287  640  744  735  782 
773  285  560  556  532  595  178  0    58   821  359  612  590  614  754  517  138  402  148  494  759  154  559  346  347  781  335  283  371  440  594  572  102  30   616  345  660  159  503  151  433  403  238  311  397  400  397  310  102  445  673  457  305  422  287  440  503  480  542  585  628  617  337  663  273  776  475  312  349  381  705  460  512  305  559  498  235  474  743  382  690  416  737  690  705  252  410  423  778  820  471  587  698  866  337  780  611  683  381  464  681  362  565  608  517  868  540  220  802  722  737  807  401  366  280  364  88   506  609  643  569  251  479  147  755  567  790  857  539  253  862  369  921  604  392  493  346  246  363  221  686  513  140  185  591  511  525  250  758  684  135  678  156  699  414  606  548  274  234  826  776  733  691  326  824  489  804  555  313  578  722  402  312  485  400  263  572  627  217  518  509  421  464  616  433  200  605  759  344  336  744  170  96   779  598  117  463  568  603  609 
733  236  533  526  501  539  185  58   0    763  348  558  547  605  699  461  88   366  193  436  718  208  503  399  361  723  338  285  417  430  536  529  157  32   561  304  617  153  465  152  453  424  271  290  368  343  407  364  157  407  618  445  321  395  342  389  488  437  496  539  615  566  325  608  322  718  421  323  306  372  681  415  475  362  531  440  177  429  715  328  633  412  702  637  650  218  444  369  758  762  413  551  669  808  367  742  557  625  355  455  637  358  520  571  461  843  526  243  744  668  708  749  348  397  304  363  41   495  551  585  514  248  426  165  697  542  758  799  481  256  804  356  863  590  412  470  329  295  360  232  631  495  82   229  540  456  467  220  710  630  125  626  186  681  460  548  489  229  186  769  738  679  660  277  766  435  746  543  259  547  664  360  275  428  379  215  519  617  273  504  496  367  446  567  392  202  546  705  293  295  706  199  154  721  539  154  476  563  563  599 
681  607  780  638  736  329  814  821  763  0    840  293  462  975  336  311  691  587  919  350  667  967  283  1154 973  105  846  824  1144 879  269  467  919  794  252  579  604  775  551  792  1062 1049 937  702  728  452  983  1122 918  561  194  870  954  657  1101 508  770  496  452  558  949  473  755  229  1066 62   387  876  559  782  876  485  555  1124 772  322  586  481  849  501  132  821  747  401  190  657  1127 489  963  15   349  687  807  132  1041 709  373  216  747  802  591  807  576  681  386  959  890  930  65   379  840  103  448  1069 972  898  736  806  215  181  361  789  387  840  121  801  824  77   316  870  43   754  118  928  1034 698  727  1040 889  839  331  744  681  971  345  330  305  678  551  230  765  431  907  934  1185 224  277  645  647  222  715  381  788  541  220  363  198  916  552  744  110  539  678  393  790  627  426  971  1023 779  883  424  835  491  625  844  227  387  559  581  715  912  917  106  232  894  1046 977  641  965 
495  261  232  838  224  523  532  359  348  840  0    748  806  256  630  613  404  668  495  497  486  362  664  456  153  761  687  634  387  81   571  791  360  341  726  600  413  502  756  500  226  220  595  626  124  402  145  448  356  701  765  98   159  718  437  332  828  707  752  372  268  446  669  773  366  781  628  669  592  718  358  679  767  481  234  557  390  692  406  345  734  759  431  543  802  540  323  350  423  833  551  302  369  829  250  492  503  640  99   800  439  706  346  325  455  520  181  211  796  581  401  784  567  267  203  60   380  838  671  667  490  596  635  506  736  230  464  844  525  123  872  698  906  244  206  799  669  354  51   578  577  830  366  310  753  628  547  550  534  798  474  517  257  342  415  620  579  223  251  749  485  590  367  544  747  627  738  195  317  266  730  643  168  447  72   252  445  268  512  844  150  575  110  435  229  165  616  610  289  591  451  246  384  760  614  289  205  215  341  250 
778  487  773  347  725  378  560  612  558  293  748  0    176  946  495  140  474  302  679  292  762  766  92   958  850  330  566  550  971  809  298  177  714  591  51   309  669  526  257  544  945  925  677  426  664  355  875  922  714  271  99   808  820  366  899  465  477  204  159  594  932  534  473  66   880  289  137  599  292  495  903  199  262  914  766  207  395  192  897  414  186  531  815  513  111  399  980  430  996  302  200  706  847  406  894  803  437  337  675  509  667  522  601  710  377  1025 854  771  319  512  887  351  210  924  825  797  523  512  145  213  393  520  132  592  318  793  895  364  297  736  334  467  412  906  910  404  444  853  789  576  449  451  478  786  52   119  246  417  669  77   524  531  732  946  1014 234  220  526  507  449  806  520  829  291  446  126  417  879  430  750  259  259  580  354  720  498  464  948  789  486  837  191  781  550  583  696  237  539  464  312  793  741  705  329  230  708  944  931  675  937 
922  551  876  177  829  531  490  590  547  462  806  176  0    1031 663  270  459  202  619  423  905  742  242  930  883  506  450  449  962  877  457  18   690  577  227  246  806  468  113  485  979  955  591  330  745  455  917  891  690  158  271  881  847  237  868  575  319  110  54   726  1023 678  360  234  863  464  197  490  241  368  1016 132  111  875  870  337  420  118  1019 509  362  395  948  671  272  343  990  537  1109 472  315  825  968  580  909  945  589  507  750  361  808  400  727  832  512  1151 939  784  494  675  1010 526  241  939  842  848  506  355  314  385  539  431  190  529  494  894  1027 536  441  768  501  345  579  997  940  249  332  837  841  492  612  291  478  775  124  235  388  353  823  232  475  686  732  1051 1005 398  370  586  555  625  947  684  951  273  622  212  593  963  502  861  436  188  648  481  793  556  605  1036 731  326  918  238  861  692  682  720  401  704  546  254  930  744  674  505  393  701  988  1008 800  1022
431  482  197  1082 239  645  788  614  605  975  256  946  1031 0    696  806  658  912  744  666  430  593  857  631  316  881  944  891  536  174  714  1017 601  597  916  844  413  758  994  756  305  327  846  880  286  591  264  638  598  942  944  160  351  967  633  486  1081 939  977  426  42   514  924  959  559  913  842  925  833  974  191  910  1005 678  205  742  629  923  255  532  892  1015 340  607  981  792  437  517  206  965  745  300  250  932  406  414  604  760  282  1055 438  962  404  314  598  319  92   434  920  642  256  899  790  404  399  254  636  1093 845  822  614  853  849  761  859  176  326  960  680  365  999  953  1016 50   323  1049 923  555  253  834  663  1082 619  533  961  829  717  803  527  985  730  576  494  133  547  775  749  450  489  832  405  648  262  783  831  835  831  68   529  239  869  882  385  606  241  481  549  19   746  1097 115  794  171  498  365  415  771  660  487  835  376  481  628  880  772  532  249  55   351  10  
348  476  500  813  463  167  821  754  699  336  630  495  663  696  0    403  658  697  888  293  336  870  421  1034 782  230  910  871  995  643  214  660  833  724  444  656  290  776  709  789  855  851  941  771  506  360  774  1012 831  692  424  628  775  776  993  325  909  641  628  273  664  187  832  458  940  280  498  925  634  873  565  617  718  1027 491  352  544  621  529  371  329  920  422  90   448  694  949  333  646  322  386  396  492  248  869  377  143  158  531  922  271  888  298  384  239  629  623  782  270  53   520  236  515  891  808  690  689  940  350  282  186  828  502  830  219  520  496  290  252  702  342  843  334  646  837  843  810  918  681  859  68   891  630  852  541  439  297  716  216  477  756  120  783  629  1030 265  303  501  527  139  383  49   473  591  138  472  147  647  440  457  264  644  502  275  564  499  191  688  971  923  625  497  588  201  401  696  262  50   415  653  387  783  842  230  270  786  824  711  345  686 
652  354  633  410  585  261  503  517  461  311  613  140  270  806  403  0    383  303  608  156  636  668  51   858  722  301  547  519  861  671  190  263  618  493  113  279  539  463  305  480  817  798  626  402  525  216  744  825  618  291  160  670  695  381  802  326  510  237  228  461  792  408  459  161  775  278  96   572  257  493  765  215  314  822  626  69   286  217  761  275  179  537  683  402  196  347  860  290  858  313  62   569  710  388  774  676  318  256  537  529  540  514  465  574  244  890  714  654  308  409  751  326  138  803  704  664  430  543  96   154  268  482  99   528  280  653  763  362  171  610  354  463  422  766  783  442  433  748  656  529  347  490  378  680  163  36   118  369  552  186  454  416  621  806  903  143  101  393  379  394  678  418  693  231  391  69   364  740  296  611  230  251  444  217  582  367  335  808  713  523  698  115  642  423  443  574  145  440  326  278  663  628  613  299  136  602  812  792  539  797 
734  229  562  446  525  493  170  138  88   691  404  474  459  658  658  383  0    281  234  380  719  292  423  484  439  658  302  251  505  485  479  441  240  119  479  218  614  126  380  135  533  506  284  222  398  298  481  448  240  322  537  497  400  318  425  368  423  349  408  532  663  544  267  525  409  649  336  298  218  317  713  326  390  441  559  371  114  341  740  297  559  361  714  605  568  139  531  341  795  691  341  564  692  745  452  746  519  569  390  397  631  310  516  581  419  872  573  328  676  633  733  685  263  482  388  428  49   435  476  516  472  208  341  172  633  574  777  731  425  328  732  296  795  637  492  397  265  382  424  214  590  426  41   318  453  375  404  146  696  546  101  598  274  721  548  482  423  238  190  715  743  644  681  189  712  352  690  593  232  570  596  272  297  383  422  214  489  668  332  440  545  284  492  548  398  276  481  670  277  209  714  286  232  657  474  243  551  620  568  651 
887  435  783  170  739  538  288  402  366  587  668  302  202  912  697  303  281  0    418  411  871  549  310  733  720  599  264  253  772  745  483  184  497  393  336  68   765  268  101  284  814  787  391  130  632  394  760  694  498  44   396  754  681  79   671  511  213  102  166  679  911  655  171  368  672  569  209  299  80   194  931  102  110  675  778  345  283  110  946  434  463  235  893  678  413  149  810  473  1021 593  310  754  894  684  733  906  587  558  631  226  774  221  673  766  491  1080 822  609  600  693  937  624  182  763  669  700  325  243  389  456  534  230  207  328  581  798  967  651  446  607  630  166  705  884  774  153  142  646  695  291  634  198  310  587  258  272  399  155  811  378  277  684  552  954  815  446  397  463  423  698  906  703  880  134  695  236  668  844  401  777  527  52   528  453  670  432  584  919  529  228  797  199  741  666  593  556  448  727  452  77   883  565  480  598  439  517  831  881  741  904 
921  429  705  542  678  724  130  148  193  919  495  679  619  744  888  608  234  418  0    614  907  180  643  330  451  891  253  212  394  573  714  602  148  176  694  379  808  153  516  136  524  492  104  297  543  528  506  289  151  462  754  592  409  410  268  581  452  513  578  731  762  759  295  737  293  880  547  216  391  326  847  500  523  262  704  603  348  513  888  519  787  346  884  828  782  282  465  561  917  920  572  735  844  978  412  929  746  803  526  402  828  297  712  756  648  1011 676  319  908  859  882  918  477  436  372  490  198  444  703  748  701  203  550  90   867  711  936  963  659  378  961  325  1026 738  484  463  315  272  490  146  819  469  257  241  649  594  638  267  903  755  155  818  253  838  434  715  656  420  379  949  924  870  837  388  946  566  924  689  450  725  828  436  460  613  542  408  710  758  111  465  645  499  603  760  581  330  715  896  486  373  892  268  120  890  707  213  564  695  751  739 
498  257  484  546  436  128  534  494  436  350  497  292  423  666  293  156  380  411  614  0    482  631  200  812  624  290  617  579  796  545  100  414  586  465  254  365  383  490  440  504  714  700  657  478  394  103  637  783  584  413  278  539  604  490  762  180  625  371  377  305  647  255  539  294  722  295  231  633  344  581  611  344  450  789  477  86   265  351  605  152  237  628  527  266  315  401  777  150  704  345  109  414  555  373  691  522  176  189  410  633  385  595  309  418  88   734  575  580  316  282  596  316  228  718  622  553  417  654  179  171  123  536  237  548  264  505  606  370  45   520  386  551  435  623  685  562  518  696  544  570  227  609  358  627  319  188  51   424  406  320  472  274  562  655  836  125  83   294  298  335  523  293  538  299  332  211  310  601  203  460  242  359  330  62   454  277  182  665  708  639  562  214  508  269  301  495  122  318  210  361  507  566  588  289  119  553  702  657  383  656 
16   490  268  1021 262  384  888  759  718  667  486  762  905  430  336  636  719  871  907  482  0    824  673  941  633  562  1016 968  872  455  466  896  804  731  716  812  106  845  917  852  675  684  989  901  381  476  603  931  801  882  716  433  645  946  918  363  1079 849  859  192  390  228  959  745  850  608  713  1017 793  1008 257  820  927  960  263  568  628  828  206  441  633  1056 97   268  747  809  796  399  322  654  591  184  185  583  733  42   325  463  405  1075 97   1012 203  161  393  293  388  689  603  288  199  570  696  746  690  535  727  1104 623  570  369  923  719  880  547  280  161  626  466  599  677  980  669  382  673  1024 946  835  528  933  339  1068 679  783  797  670  519  830  121  767  818  240  719  327  897  535  542  489  534  472  47   288  169  741  472  694  482  404  493  225  581  823  447  426  414  507  300  416  959  1095 404  687  395  213  326  619  531  287  444  805  58   713  822  561  536  740  629  464  156  422 
836  394  590  694  573  720  287  154  208  967  362  766  742  593  870  668  292  549  180  631  824  0    712  191  284  921  430  384  225  431  729  724  52   176  770  496  733  288  651  274  347  315  282  446  443  531  339  156  52   593  826  454  244  560  134  546  622  632  694  668  616  715  458  817  123  920  629  395  502  496  721  613  659  158  591  644  383  627  768  502  838  522  784  798  859  400  285  537  781  965  619  642  729  1004 232  838  727  816  420  576  757  470  645  664  640  882  536  158  944  833  763  947  555  256  201  341  243  618  757  787  691  366  634  245  895  591  825  999  674  238  1007 490  1064 595  308  624  474  98   344  317  805  636  290  63   746  664  666  394  842  838  272  782  106  700  267  748  691  370  343  955  832  844  726  481  953  643  935  545  436  618  866  554  386  612  423  371  681  609  153  636  505  575  472  711  508  205  746  868  455  488  798  115  71   919  740  86   391  540  668  590 
689  405  682  396  633  292  533  559  503  283  664  92   242  857  421  51   423  310  643  200  673  712  0    903  773  290  564  540  908  722  215  238  661  536  62   296  579  495  295  512  867  849  655  420  576  267  795  868  661  291  114  721  745  385  846  374  508  230  207  503  841  445  474  110  820  259  104  592  276  504  811  213  302  864  674  115  331  212  805  326  154  545  724  430  147  374  909  340  904  287  113  614  755  374  823  714  350  267  588  533  578  527  509  618  285  933  764  702  290  433  795  314  166  853  753  715  471  542  80   150  304  505  104  561  272  701  804  342  207  660  326  474  399  816  834  438  447  794  707  556  370  486  421  725  124  48   155  395  584  135  488  447  668  854  950  156  131  444  430  395  716  441  738  259  392  79   364  790  348  659  217  259  496  262  633  418  373  858  750  520  748  144  693  461  492  623  159  462  377  297  702  676  655  289  151  648  864  843  583  847 
951  564  685  870  680  892  457  346  399  1154 456  958  930  631  1034 858  484  733  330  812  941  191  903  0    322  1103 579  541  106  503  909  912  244  367  961  683  862  467  834  451  333  306  410  622  564  710  369  41   243  778  1017 527  299  736  62   709  781  820  883  808  664  867  625  1008 94   1105 821  538  691  656  793  802  843  78   688  832  572  816  849  675  1026 674  886  956  1050 587  213  706  835  1151 808  757  818  1184 225  948  893  994  539  731  888  626  783  779  813  945  601  256  1128 993  846  1128 747  228  252  412  435  772  946  973  861  532  826  413  1076 681  913  1182 854  345  1193 655  1247 649  308  793  644  116  419  476  971  799  481  184  938  855  850  578  979  1030 456  936  252  756  125  932  876  535  516  1129 942  1003 819  672  1126 835  1110 601  612  722  1050 742  534  788  527  542  842  650  239  794  572  767  557  860  649  339  930  1026 623  676  907  251  256  1101 924  259  389  575  792  631 
641  371  369  885  371  666  525  347  361  973  153  850  883  316  782  722  439  720  451  624  633  284  773  322  0    901  680  629  240  182  707  866  303  341  835  654  565  505  816  498  96   76   556  651  277  524  55   324  300  758  880  206  42   756  317  474  848  777  829  526  345  599  683  883  243  916  721  654  651  729  470  751  826  363  372  674  464  765  527  472  860  764  569  695  917  577  169  486  515  967  662  451  497  973  100  635  650  781  252  812  592  710  500  473  594  624  278  132  933  733  524  924  653  114  84   97   401  853  791  796  633  599  727  489  875  362  591  983  657  115  1007 715  1047 328  61   832  690  239  106  566  726  856  410  221  847  732  672  581  686  908  480  670  199  436  264  750  703  332  343  897  628  743  499  611  895  724  884  279  428  408  864  705  296  581  225  355  594  334  435  864  250  666  239  589  380  163  747  763  414  645  593  184  331  899  743  240  115  261  493  315 
575  544  685  676  641  240  797  781  723  105  761  330  506  881  230  301  658  599  891  290  562  921  290  1103 901  0    848  820  1084 794  195  508  875  753  280  580  502  755  580  771  986  975  921  703  644  392  906  1073 874  581  237  784  885  675  1052 428  797  518  485  459  854  372  760  275  1012 52   391  873  558  792  774  503  586  1079 676  288  547  501  746  434  143  834  643  297  249  645  1060 415  861  91   322  588  705  87   974  604  276  122  665  823  487  814  478  582  306  854  798  868  41   274  737  26   439  1001 907  821  700  832  210  147  273  781  392  817  26   706  720  82   249  802  118  763  146  833  960  726  734  987  811  826  228  773  642  918  382  328  255  668  446  285  741  327  852  834  1124 175  235  579  588  127  610  275  686  530  125  364  99   824  492  647  73   548  605  321  707  565  332  876  990  808  793  416  747  390  539  781  176  281  491  579  610  856  876  1    184  843  966  886  542  871 
1032 530  864  324  828  744  156  335  338  846  687  566  450  944  910  547  302  264  253  617  1016 430  564  579  680  848  0    53   648  769  706  435  389  347  597  268  910  186  337  187  762  731  172  144  699  563  732  538  392  300  658  784  638  213  518  657  205  365  426  826  954  827  93   631  546  823  460  44   290  88   1014 366  340  506  861  572  390  374  1043 580  719  95   1016 872  677  216  715  625  1094 852  536  866  994  935  656  1045 782  789  688  152  925  54   813  883  680  1174 864  550  854  895  1035 874  410  683  608  698  311  193  640  701  730  94   460  191  827  874  1080 906  659  588  889  105  963  929  721  235  121  524  696  114  843  228  344  487  522  521  621  194  983  642  214  871  483  1018 686  683  627  541  493  935  1043 906  984  322  932  486  906  882  523  872  777  307  599  641  716  516  763  956  342  216  835  432  785  833  700  534  684  932  572  269  1015 498  363  847  675  441  796  900  868  938 
983  480  812  341  776  704  104  283  285  824  634  550  449  891  871  519  251  253  212  579  968  384  540  541  629  820  53   0    605  716  670  433  341  295  578  244  862  133  338  134  712  682  147  124  646  520  680  500  344  293  640  731  587  218  480  610  240  356  419  778  901  782  92   615  503  797  436  54   264  114  961  353  342  471  808  538  343  362  991  534  694  137  965  830  661  178  669  579  1041 828  503  815  943  907  608  996  741  755  636  191  877  85   764  833  638  1122 811  499  827  854  984  846  381  635  558  645  258  233  614  672  689  44   437  142  798  822  1029 881  622  535  867  117  939  876  671  256  118  480  643  67   803  258  292  440  509  495  586  155  937  627  161  828  433  965  645  651  594  489  442  902  993  865  932  290  899  461  874  829  475  821  749  290  547  600  663  465  719  903  310  253  782  404  732  787  650  482  652  891  524  243  965  447  316  819  643  391  745  847  819  885 
881  540  609  920  610  862  512  371  417  1144 387  971  962  536  995  861  505  772  394  796  872  225  908  106  240  1084 648  605  0    422  889  944  276  385  968  716  800  513  874  499  233  209  486  671  505  693  280  132  274  816  1021 446  228  785  142  673  844  852  913  754  571  819  683  1016 103  1091 834  610  721  718  706  831  883  177  613  826  577  845  764  651  1020 741  810  913  1056 623  107  676  742  1140 806  689  737  1163 139  875  857  970  479  797  826  691  728  711  785  853  514  216  1112 950  762  1109 761  133  188  336  456  838  943  963  830  590  840  469  1058 602  830  1165 835  293  1181 714  1230 558  214  849  699  127  344  538  935  860  493  187  956  862  838  618  920  1039 497  890  240  665  43   919  866  506  497  1098 868  960  739  695  1096 845  1082 512  593  648  1037 774  493  764  460  519  803  555  321  858  487  779  479  811  599  303  917  982  595  708  834  232  296  1083 912  263  290  481  728  537 
462  326  188  916  197  554  613  440  430  879  81   809  877  174  643  671  485  745  573  545  455  431  722  503  182  794  769  716  422  0    610  862  434  422  784  677  398  583  831  582  222  228  674  707  151  456  147  501  430  778  819  24   204  797  492  371  908  780  822  373  189  455  750  829  419  818  694  750  668  799  292  751  842  537  192  611  465  764  346  398  780  841  388  553  856  620  341  395  349  871  609  279  315  857  282  455  525  671  135  881  424  787  347  300  492  451  104  275  831  591  343  815  636  292  253  92   461  919  722  712  521  678  701  587  769  180  410  876  568  196  908  780  937  165  217  878  750  410  88   659  596  910  446  375  817  690  596  631  520  855  555  525  328  268  444  664  628  291  324  769  447  599  317  619  767  691  761  115  379  230  769  718  230  490  90   321  468  187  584  925  73   643  60   442  254  242  660  617  345  668  413  316  460  793  659  363  183  135  325  169 
482  348  523  600  476  81   631  594  536  269  571  298  457  714  214  190  479  483  714  100  466  729  215  909  707  195  706  670  889  610  0    451  685  565  250  445  379  587  496  602  794  782  754  564  459  198  715  881  684  477  251  602  690  562  860  239  695  427  418  314  691  242  624  278  818  209  284  724  423  663  634  403  504  888  515  138  365  406  617  238  180  709  527  215  284  492  865  221  725  261  173  438  570  275  779  508  140  89   478  709  374  680  326  437  118  740  626  673  226  219  608  220  302  806  711  630  517  726  157  110  104  628  288  646  169  544  607  277  55   607  300  633  342  668  767  628  601  793  621  665  156  676  459  724  339  226  85   515  370  302  570  233  657  686  928  69   89   383  393  236  511  227  552  384  233  258  210  652  297  491  159  430  411  126  521  369  177  711  808  708  617  284  567  259  357  586  65   249  295  442  501  661  688  194  69   650  777  712  398  704 
913  536  863  171  816  524  472  572  529  467  791  177  18   1017 660  263  441  184  602  414  896  724  238  912  866  508  435  433  944  862  451  0    671  559  227  228  797  450  98   467  962  937  575  313  730  442  900  873  672  141  274  866  830  222  850  563  309  92   39   716  1009 670  344  238  845  466  185  474  223  353  1004 115  97   857  857  329  403  101  1007 496  364  381  938  665  278  325  972  525  1097 476  305  813  956  583  891  936  582  504  735  349  799  385  716  821  503  1140 924  766  497  670  998  528  226  921  824  831  489  345  312  384  531  414  178  512  495  881  1016 540  434  751  507  330  585  982  923  238  316  819  825  475  607  281  460  757  125  227  381  335  816  238  457  679  715  1037 987  394  364  571  539  625  937  679  940  255  622  202  593  949  488  848  436  170  633  471  778  540  596  1021 713  316  903  224  846  683  668  703  397  700  532  236  920  726  656  507  389  683  971  993  789  1008
817  357  581  644  560  679  241  102  157  919  360  714  690  601  833  618  240  497  148  586  804  52   661  244  303  875  389  341  276  434  685  671  0    125  718  443  711  238  598  225  377  345  252  396  427  488  358  207  3    541  775  455  261  509  185  511  576  579  642  642  622  684  411  765  174  873  577  357  449  450  717  560  607  205  581  596  333  574  762  463  789  479  770  764  807  348  328  500  782  918  570  625  721  959  267  821  690  773  406  532  733  426  619  646  600  880  538  171  898  798  757  901  503  293  224  347  191  574  708  740  652  319  582  200  849  584  815  952  629  238  959  443  1017 599  336  575  425  148  348  275  767  589  240  98   694  613  620  342  816  786  221  749  107  702  318  701  644  337  306  914  816  808  716  428  911  591  892  549  395  606  819  501  360  570  415  334  646  617  156  590  507  523  470  681  483  196  700  833  418  435  782  121  27   874  693  70   415  551  648  597 
745  255  536  551  506  565  191  30   32   794  341  591  577  597  724  493  119  393  176  465  731  176  536  367  341  753  347  295  385  422  565  559  125  0    594  333  631  165  493  160  431  401  263  311  372  370  389  332  124  435  650  439  300  419  309  409  507  467  527  555  610  586  342  641  289  749  454  328  336  388  682  445  503  330  534  472  208  459  719  352  664  425  710  659  683  245  416  392  757  793  445  560  673  838  340  752  581  654  356  471  651  371  535  580  487  845  521  218  774  692  712  779  380  370  279  350  70   512  583  616  539  260  459  165  727  543  764  829  509  241  835  373  894  585  389  492  348  263  348  236  656  515  114  198  572  488  497  244  728  662  139  647  159  679  429  578  520  244  204  797  748  702  665  309  794  467  774  537  283  553  695  390  284  455  378  233  541  610  247  522  490  400  443  586  404  187  577  728  314  325  716  172  123  751  570  124  456  553  575  591 
732  468  738  395  690  331  579  616  561  252  726  51   227  916  444  113  479  336  694  254  716  770  62   961  835  280  597  578  968  784  250  227  718  594  0    334  625  543  302  561  930  911  699  455  637  328  858  926  718  309  61   782  808  405  903  432  521  244  205  553  900  489  505  47   880  241  147  628  315  530  865  234  307  921  731  174  391  229  856  387  137  569  772  463  89   419  971  398  958  259  175  668  807  359  885  757  390  285  649  550  622  557  560  671  336  983  824  764  272  462  847  302  217  915  816  778  528  556  94   162  348  545  144  609  268  759  852  319  254  723  294  502  370  874  896  449  477  853  770  599  399  496  479  785  102  106  206  438  621  72   538  483  728  910  1011 184  177  507  492  398  760  469  789  306  395  128  366  850  410  714  209  289  558  316  694  481  419  917  802  531  809  196  754  506  551  686  188  488  439  336  748  737  711  280  181  707  926  904  634  906 
828  368  716  238  672  494  253  345  304  579  600  309  246  844  656  279  218  68   379  365  812  496  296  683  654  580  268  244  716  677  445  228  443  333  334  0    706  225  162  243  749  723  368  123  564  337  694  644  444  104  395  685  616  134  622  450  267  137  200  620  843  601  180  372  617  554  191  296  22   217  865  121  172  629  711  308  214  134  881  372  450  263  831  630  418  97   749  413  954  584  272  690  830  666  670  846  539  526  563  268  716  236  613  703  440  1015 754  546  585  648  872  605  144  700  606  633  263  293  371  433  486  211  192  289  559  731  904  637  404  541  622  187  695  816  709  214  156  591  627  267  591  257  244  530  273  252  360  111  758  386  229  634  491  886  760  417  363  395  354  670  846  658  816  71   667  217  640  776  335  712  508  58   460  402  602  364  531  851  490  282  729  165  672  610  528  490  418  683  387  9    822  503  428  578  409  458  764  812  679  835 
122  386  224  917  200  298  783  660  617  604  413  669  806  413  290  539  614  765  808  383  106  733  579  862  565  502  910  862  800  398  379  797  711  631  625  706  0    740  813  748  620  623  887  795  298  370  543  850  708  777  631  377  572  840  835  256  973  746  759  85   378  137  853  657  770  543  612  911  687  901  274  717  824  876  217  470  521  726  244  335  554  949  147  206  664  703  733  292  359  592  491  120  203  536  663  141  241  391  323  969  26   905  98   102  295  360  351  607  543  237  235  514  592  679  614  468  624  997  535  488  277  817  618  777  483  242  227  573  372  517  620  874  622  363  611  918  839  753  459  829  274  963  575  697  702  572  423  723  122  681  714  175  631  339  829  448  448  387  431  429  141  241  184  635  429  594  434  372  387  178  510  718  351  325  340  404  205  403  865  989  360  584  337  120  228  532  444  249  338  699  123  626  728  501  449  648  579  436  73   404 
860  355  680  406  645  609  45   159  153  775  502  526  468  758  776  463  126  268  153  490  845  288  495  467  505  755  186  133  513  583  587  450  238  165  543  225  740  0    368  17   592  562  167  158  514  417  555  426  240  312  604  598  463  272  404  494  344  360  425  658  768  670  178  586  410  740  396  174  238  223  829  347  376  407  677  466  233  359  860  421  642  260  838  727  631  128  563  466  909  777  433  687  812  843  494  872  640  675  503  306  757  205  642  705  538  990  678  379  768  754  853  781  328  523  439  515  125  347  559  609  590  94   399  65   731  690  899  823  535  406  817  210  885  743  551  337  188  386  512  88   707  354  165  334  495  447  507  114  822  603  28   721  314  832  555  580  521  360  314  823  869  765  802  237  820  417  796  696  358  690  688  283  416  500  531  338  612  770  265  359  649  351  599  673  523  352  580  791  403  219  839  328  217  753  572  274  621  716  693  752 
933  512  854  105  808  561  385  503  465  551  756  257  113  994  709  305  380  101  516  440  917  651  295  834  816  580  337  338  874  831  496  98   598  493  302  162  813  368  0    384  911  885  482  221  710  446  855  795  600  58   356  838  778  124  772  567  219  69   99   729  990  694  248  322  773  543  212  377  165  255  1000 96   11   775  848  362  366  89   1009 493  438  284  948  703  365  250  910  528  1091 559  331  815  958  661  832  954  615  560  712  254  819  287  726  826  526  1143 903  708  574  713  1000 603  221  862  768  791  424  255  375  446  563  322  207  427  565  871  1025 621  468  702  592  232  669  963  871  147  220  747  786  383  652  194  406  689  206  270  417  256  846  326  378  713  652  1027 917  447  407  544  506  691  955  722  943  211  688  237  659  926  471  844  508  113  608  491  753  513  621  1000 626  229  879  229  822  706  661  652  449  745  520  171  934  664  581  579  441  618  925  965  797  985 
