75
0    8    16   27   58   35   18   19   21   20   14   44   14   17   5    166  163  199  182  165  183  204  167  163  196  173  194  180  187  183  497  513  532  531  504  511  477  511  490  506  523  518  488  538  499  397  381  370  386  373  347  404  343  376  363  380  365  387  383  387  654  655  627  674  677  671  677  651  680  672  669  680  676  675  662 
8    0    19   34   54   31   16   13   25   27   10   37   17   9    12   159  156  191  174  157  175  196  159  155  188  166  186  172  179  175  499  515  534  533  506  513  479  513  491  509  525  520  490  541  502  401  385  373  391  376  351  408  346  378  367  384  369  391  387  392  651  652  623  671  674  667  674  647  676  669  666  676  673  672  659 
16   19   0    38   45   50   9    18   7    19   29   39   2    25   14   171  171  203  186  166  189  207  169  169  203  180  198  184  188  188  480  497  516  515  488  494  461  495  473  490  507  502  472  522  483  410  396  385  400  388  362  419  358  391  377  395  379  401  397  400  639  641  613  660  662  656  662  637  665  658  655  665  662  660  648 
27   34   38   0    83   43   43   46   37   23   32   71   36   42   24   187  179  221  203  188  201  227  191  183  214  193  215  202  210  203  508  522  542  540  515  520  487  521  501  515  533  526  498  548  508  373  358  348  362  351  325  382  321  354  340  358  341  363  359  362  677  679  651  697  699  694  700  675  702  696  692  702  699  698  685 
58   54   45   83   0    79   40   41   49   64   63   27   47   51   59   155  165  181  168  142  176  182  144  153  189  166  178  164  163  170  456  475  493  494  464  473  439  473  449  470  484  481  450  500  462  455  439  428  444  431  405  462  401  432  421  438  423  445  441  445  597  597  569  617  619  613  619  593  622  615  612  622  619  617  605 
35   31   50   43   79   0    46   39   56   52   21   55   48   29   39   145  135  180  161  149  158  187  152  141  171  150  174  161  171  161  530  546  566  565  537  544  511  544  522  540  557  552  522  572  533  382  365  351  372  354  330  386  325  355  346  363  350  371  366  374  676  674  646  694  697  690  697  669  700  692  690  700  697  694  682 
18   16   9    43   40   46   0    9    17   27   26   30   9    19   18   162  163  193  177  157  180  197  160  159  194  171  189  175  179  178  483  500  519  518  490  497  464  498  476  494  510  505  475  525  486  415  399  388  404  391  365  422  361  393  381  398  383  405  401  405  636  637  609  656  659  653  659  633  662  654  651  662  658  657  644 
19   13   18   46   41   39   9    0    26   34   21   25   17   10   22   153  153  185  168  149  171  189  151  150  184  161  180  166  171  169  490  508  527  526  498  505  472  506  483  502  518  513  483  533  494  414  398  386  403  389  364  420  359  391  380  397  382  404  399  405  639  639  611  659  661  655  661  634  664  657  654  664  661  659  646 
21   25   7    37   49   56   17   26   0    14   35   46   8    32   17   179  179  210  194  174  197  214  176  176  210  187  206  192  196  195  476  492  512  510  484  490  456  490  469  486  503  497  468  518  479  409  395  385  399  388  362  419  358  391  377  395  378  400  396  399  640  642  614  660  662  657  663  638  665  659  655  665  662  661  648 
20   27   19   23   64   52   27   34   14   0    33   57   18   36   15   186  183  218  201  183  203  223  186  183  216  193  213  199  205  202  486  501  521  519  493  498  465  499  478  494  512  505  476  526  487  395  381  371  384  374  347  405  344  378  363  380  363  386  382  384  654  656  628  675  677  671  677  652  680  673  669  680  676  675  663 
14   10   29   32   63   21   26   21   35   33   0    43   27   13   18   156  150  189  171  156  171  195  158  152  184  162  183  170  178  172  509  526  545  544  517  523  490  524  502  519  536  531  501  551  512  392  376  364  382  367  342  399  337  369  358  375  360  382  378  384  661  661  632  680  683  677  683  656  686  678  676  686  683  681  668 
44   37   39   71   27   55   30   25   46   57   43   0    39   30   47   136  142  166  150  128  156  169  131  134  169  146  161  147  150  152  484  503  521  521  492  500  467  500  477  497  512  509  478  528  490  436  419  406  426  409  385  441  380  410  401  418  404  425  421  427  620  619  590  639  642  635  642  614  644  637  634  644  642  639  627 
14   17   2    36   47   48   9    17   8    18   27   39   0    23   12   171  170  202  186  166  188  206  169  168  202  179  197  183  188  187  483  499  518  517  490  496  463  497  475  492  509  504  474  524  485  409  394  383  398  386  360  417  356  389  375  393  377  399  395  399  641  643  615  662  664  658  664  639  667  660  657  667  664  662  650 
17   9    25   42   51   29   19   10   32   36   13   30   23   0    22   149  147  182  165  147  166  187  150  146  179  156  177  163  169  165  501  518  537  537  509  516  482  516  494  512  528  524  493  544  505  405  389  377  395  380  355  411  350  381  371  388  373  395  391  397  649  648  620  668  671  664  670  643  673  666  663  673  670  668  656 
5    12   14   24   59   39   18   22   17   15   18   47   12   22   0    171  168  204  187  169  188  209  172  168  201  178  199  185  191  188  494  510  529  528  501  507  474  508  487  503  520  515  485  535  496  396  381  370  386  373  347  404  343  376  363  380  364  386  383  386  654  655  627  674  677  671  677  651  680  672  669  680  676  675  662 
166  159  171  187  155  145  162  153  179  186  156  136  171  149  171  0    38   35   16   31   25   46   33   6    35   15   28   18   38   16   578  603  618  622  588  601  567  600  572  600  610  612  578  627  591  480  457  438  474  441  423  474  416  433  441  454  448  467  461  479  644  628  601  654  661  649  657  622  660  651  653  660  662  654  641 
163  156  171  179  165  135  163  153  179  183  150  142  170  147  168  38   0    66   48   68   29   79   70   32   39   27   58   54   76   43   604  627  643  646  614  625  591  624  598  624  635  636  602  652  615  446  422  403  440  406  389  439  381  397  406  419  415  433  426  446  681  666  639  692  699  686  695  660  698  688  691  698  699  692  679 
199  191  203  221  181  180  193  185  210  218  189  166  202  182  204  35   66   0    20   39   39   13   38   41   38   39   8    19   24   23   586  612  626  631  596  610  576  608  580  610  618  622  587  635  600  513  489  470  507  473  456  505  448  464  473  486  482  500  493  512  631  612  585  639  647  633  642  605  645  636  639  645  648  639  626 
182  174  186  203  168  161  177  168  194  201  171  150  186  165  187  16   48   20   0    33   24   31   33   21   29   21   12   7    29   5    584  609  624  628  594  607  573  606  578  606  616  618  584  633  597  494  470  451  487  454  437  487  429  446  454  467  462  481  474  493  640  623  596  650  657  644  653  617  656  646  649  656  658  649  637 
165  157  166  188  142  149  157  149  174  183  156  128  166  147  169  31   68   39   33   0    54   40   3    36   62   46   38   26   21   38   551  576  591  595  561  574  540  573  545  573  583  585  551  600  564  502  479  461  495  464  446  497  438  458  463  477  470  489  483  499  613  597  570  623  630  618  626  591  629  620  622  629  631  623  610 
183  175  189  201  176  158  180  171  197  203  171  156  188  166  188  25   29   39   24   54   0    53   55   23   13   10   31   32   54   19   603  628  643  647  613  626  592  625  597  625  635  637  603  652  616  475  451  431  469  434  417  466  409  425  435  447  443  462  455  475  665  648  621  674  682  669  677  642  680  671  674  680  682  674  661 
204  196  207  227  182  187  197  189  214  223  195  169  206  187  209  46   79   13   31   40   53   0    38   52   51   52   21   28   19   35   578  604  618  623  588  602  569  601  572  603  610  615  579  628  593  525  502  482  519  485  468  518  460  477  485  499  494  512  506  524  618  599  572  626  634  620  629  592  632  623  626  632  635  626  613 
167  159  169  191  144  152  160  151  176  186  158  131  169  150  172  33   70   38   33   3    55   38   0    38   62   47   37   26   19   38   551  576  591  595  561  574  540  573  545  574  583  586  551  600  564  505  482  464  498  467  448  500  441  461  466  480  473  492  486  502  611  595  568  621  628  616  624  589  627  618  620  627  629  621  608 
163  155  169  183  153  141  159  150  176  183  152  134  168  146  168  6    32   41   21   36   23   52   38   0    35   13   33   24   44   20   580  605  620  624  590  603  569  602  574  602  612  614  580  629  593  474  451  432  467  435  417  468  409  427  434  448  442  461  454  473  649  633  606  660  667  654  663  628  665  656  659  665  667  659  647 
196  188  203  214  189  171  194  184  210  216  184  169  202  179  201  35   39   38   29   62   13   51   62   35   0    23   31   37   57   24   613  638  653  657  623  636  602  635  607  635  645  647  613  662  626  482  458  437  477  440  425  473  417  431  442  454  451  469  462  483  668  650  623  677  685  671  680  643  683  673  677  683  685  677  664 
173  166  180  193  166  150  171  161  187  193  162  146  179  156  178  15   27   39   21   46   10   52   47   13   23   0    31   27   49   16   593  618  633  637  603  616  582  615  587  615  625  627  593  642  606  473  450  430  467  433  416  466  408  425  434  447  442  460  454  473  658  642  615  668  676  663  671  636  674  665  668  674  676  668  655 
194  186  198  215  178  174  189  180  206  213  183  161  197  177  199  28   58   8    12   38   31   21   37   33   31   31   0    14   27   15   588  613  628  632  598  611  577  610  582  611  620  623  588  637  602  505  481  461  499  464  448  497  440  456  465  478  473  492  485  504  637  618  592  646  653  640  649  612  652  642  645  652  654  645  633 
180  172  184  202  164  161  175  166  192  199  170  147  183  163  185  18   54   19   7    26   32   28   26   24   37   27   14   0    22   13   577  602  617  621  587  600  566  599  571  599  609  612  577  626  590  498  475  455  492  459  441  491  433  451  458  472  466  485  478  497  633  615  589  642  650  636  645  609  648  639  642  648  650  642  629 
187  179  188  210  163  171  179  171  196  205  178  150  188  169  191  38   76   24   29   21   54   19   19   44   57   49   27   22   0    35   562  588  602  607  572  586  552  584  556  586  594  598  563  611  576  518  495  476  511  479  461  512  454  472  478  492  486  505  498  516  611  593  566  620  628  614  623  587  626  616  620  626  628  620  607 
183  175  188  203  170  161  178  169  195  202  172  152  187  165  188  16   43   23   5    38   19   35   38   20   24   16   15   13   35   0    589  614  629  633  599  612  578  611  583  611  621  623  589  638  602  490  466  447  484  450  433  482  425  441  450  463  458  477  470  489  646  629  602  655  663  650  658  622  661  652  655  661  663  655  642 
497  499  480  508  456  530  483  490  476  486  509  484  483  501  494  578  604  586  584  551  603  578  551  580  613  593  588  577  562  589  0    37   41   52   12   37   33   32   7    48   34   56   30   52   38   838  834  831  825  834  804  860  803  844  816  835  811  833  833  820  351  401  382  391  378  394  391  403  392  394  375  392  376  393  386 
513  515  497  522  475  546  500  508  492  501  526  503  499  518  510  603  627  612  609  576  628  604  576  605  638  618  613  602  588  614  37   0    24   19   25   2    36   5    38   15   15   19   25   25   14   842  839  838  829  840  811  866  810  852  822  841  816  838  838  823  383  435  417  423  410  427  424  437  424  427  407  424  408  426  419 
532  534  516  542  493  566  519  527  512  521  545  521  518  537  529  618  643  626  624  591  643  618  591  620  653  633  628  617  602  629  41   24   0    20   30   27   55   23   46   38   9    36   45   13   38   865  862  860  852  863  833  888  833  874  845  864  839  861  861  847  368  422  405  409  395  413  409  424  409  412  392  409  392  411  405 
531  533  515  540  494  565  518  526  510  519  544  521  517  537  528  622  646  631  628  595  647  623  595  624  657  637  632  621  607  633  52   19   20   0    40   21   55   22   55   26   19   18   44   11   31   858  855  854  844  856  826  881  826  868  838  856  831  853  853  839  388  442  425  429  415  433  429  444  429  432  413  429  413  431  425 
504  506  488  515  464  537  490  498  484  493  517  492  490  509  501  588  614  596  594  561  613  588  561  590  623  603  598  587  572  599  12   25   30   40   0    26   32   20   16   37   23   44   25   40   29   842  838  836  828  838  809  864  808  849  820  839  815  837  837  824  359  410  392  400  387  403  400  413  400  403  384  400  384  402  395 
511  513  494  520  473  544  497  505  490  498  523  500  496  516  507  601  625  610  607  574  626  602  574  603  636  616  611  600  586  612  37   2    27   21   26   0    34   6    38   13   18   18   23   28   11   840  837  835  826  838  808  863  808  849  819  838  813  835  835  821  384  436  418  425  412  429  425  438  425  428  409  425  409  427  421 
477  479  461  487  439  511  464  472  456  465  490  467  463  482  474  567  591  576  573  540  592  569  540  569  602  582  577  566  552  578  33   36   55   55   32   34   0    33   27   34   46   46   11   61   24   810  807  805  797  807  778  833  777  819  789  808  784  806  805  792  381  429  410  421  409  424  421  431  422  424  405  422  406  423  415 
511  513  495  521  473  544  498  506  490  499  524  500  497  516  508  600  624  608  606  573  625  601  573  602  635  615  610  599  584  611  32   5    23   22   20   6    33   0    33   19   14   24   22   27   15   842  839  837  828  840  810  865  810  851  821  840  816  838  837  823  378  430  412  419  405  423  419  432  419  422  403  419  403  421  414 
490  491  473  501  449  522  476  483  469  478  502  477  475  494  487  572  598  580  578  545  597  572  545  574  607  587  582  571  556  583  7    38   46   55   16   38   27   33   0    47   39   56   25   56   36   830  826  823  817  826  796  852  796  837  808  827  803  825  825  812  355  404  385  395  382  398  395  406  396  398  379  396  380  397  390 
506  509  490  515  470  540  494  502  486  494  519  497  492  512  503  600  624  610  606  573  625  603  574  602  635  615  611  599  586  611  48   15   38   26   37   13   34   19   47   0    30   12   25   36   11   832  829  828  818  830  800  855  800  842  812  830  805  827  827  812  397  448  430  437  424  441  438  450  438  441  422  438  422  440  433 
523  525  507  533  484  557  510  518  503  512  536  512  509  528  520  610  635  618  616  583  635  610  583  612  645  625  620  609  594  621  34   15   9    19   23   18   46   14   39   30   0    31   35   17   29   856  853  851  842  853  824  879  823  865  835  854  829  852  851  837  371  424  406  411  398  416  412  426  412  415  395  412  395  414  407 
518  520  502  526  481  552  505  513  497  505  531  509  504  524  515  612  636  622  618  585  637  615  586  614  647  627  623  612  598  623  56   19   36   18   44   18   46   24   56   12   31   0    37   30   22   841  838  837  827  840  810  865  810  852  821  840  814  836  837  821  401  454  436  442  428  446  442  456  442  445  426  442  426  444  438 
488  490  472  498  450  522  475  483  468  476  501  478  474  493  485  578  602  587  584  551  603  579  551  580  613  593  588  577  563  589  30   25   45   44   25   23   11   22   25   25   35   37   0    50   14   821  817  815  807  818  788  843  788  829  800  818  794  816  816  802  380  430  411  420  408  424  421  432  421  423  405  421  406  423  415 
538  541  522  548  500  572  525  533  518  526  551  528  524  544  535  627  652  635  633  600  652  628  600  629  662  642  637  626  611  638  52   25   13   11   40   28   61   27   56   36   17   30   50   0    39   867  865  863  853  866  836  891  836  877  847  866  841  863  863  848  380  434  418  421  406  425  421  437  421  424  404  421  404  423  417 
499  502  483  508  462  533  486  494  479  487  512  490  485  505  496  591  615  600  597  564  616  593  564  593  626  606  602  590  576  602  38   14   38   31   29   11   24   15   36   11   29   22   14   39   0    828  825  823  814  826  796  851  796  838  807  826  801  824  823  809  388  439  420  429  416  432  429  441  429  432  413  429  413  431  424 
397  401  410  373  455  382  415  414  409  395  392  436  409  405  396  480  446  513  494  502  475  525  505  474  482  473  505  498  518  490  838  842  865  858  842  840  810  842  830  832  856  841  821  867  828  0    30   56   14   54   58   41   67   79   41   35   32   14   23   25   1048 1052 1024 1070 1072 1067 1073 1048 1075 1068 1064 1075 1071 1071 1058
381  385  396  358  439  365  399  398  395  381  376  419  394  389  381  457  422  489  470  479  451  502  482  451  458  450  481  475  495  466  834  839  862  855  838  837  807  839  826  829  853  838  817  865  825  30   0    25   36   23   34   26   41   49   18   5    26   16   7    49   1035 1037 1009 1056 1058 1052 1059 1033 1061 1054 1051 1061 1058 1057 1044
370  373  385  348  428  351  388  386  385  371  364  406  383  377  370  438  403  470  451  461  431  482  464  432  437  430  461  455  476  447  831  838  860  854  836  835  805  837  823  828  851  837  815  863  823  56   25   0    60   3    28   36   27   25   25   20   42   42   32   73   1025 1025 997  1045 1047 1041 1047 1020 1050 1043 1040 1050 1047 1045 1033
386  391  400  362  444  372  404  403  399  384  382  426  398  395  386  474  440  507  487  495  469  519  498  467  477  467  499  492  511  484  825  829  852  844  828  826  797  828  817  818  842  827  807  853  814  14   36   60   0    59   55   53   65   85   40   41   26   20   29   13   1037 1041 1013 1059 1060 1056 1061 1037 1064 1057 1053 1064 1060 1060 1047
373  376  388  351  431  354  391  389  388  374  367  409  386  380  373  441  406  473  454  464  434  485  467  435  440  433  464  459  479  450  834  840  863  856  838  838  807  840  826  830  853  840  818  866  826  54   23   3    59   0    30   32   30   26   25   18   42   40   30   72   1028 1028 1000 1048 1050 1044 1050 1023 1053 1046 1043 1053 1050 1048 1036
347  351  362  325  405  330  365  364  362  347  342  385  360  355  347  423  389  456  437  446  417  468  448  417  425  416  448  441  461  433  804  811  833  826  809  808  778  810  796  800  824  810  788  836  796  58   34   28   55   30   0    57   10   50   17   33   30   44   37   65   1002 1003 975  1022 1024 1019 1025 999  1027 1020 1017 1027 1024 1023 1010
404  408  419  382  462  386  422  420  419  405  399  441  417  411  404  474  439  505  487  497  466  518  500  468  473  466  497  491  512  482  860  866  888  881  864  863  833  865  852  855  879  865  843  891  851  41   26   36   53   32   57   0    61   47   43   25   51   34   29   65   1059 1060 1031 1079 1081 1075 1082 1055 1084 1077 1074 1084 1081 1080 1067
343  346  358  321  401  325  361  359  358  344  337  380  356  350  343  416  381  448  429  438  409  460  441  409  417  408  440  433  454  425  803  810  833  826  808  808  777  810  796  800  823  810  788  836  796  67   41   27   65   30   10   61   0    45   26   38   40   53   45   75   998  998  970  1018 1020 1014 1021 994  1023 1016 1013 1023 1020 1018 1006
376  378  391  354  432  355  393  391  391  378  369  410  389  381  376  433  397  464  446  458  425  477  461  427  431  425  456  451  472  441  844  852  874  868  849  849  819  851  837  842  865  852  829  877  838  79   49   25   85   26   50   47   45   0    51   43   68   65   56   98   1030 1029 1001 1049 1052 1045 1052 1024 1055 1047 1045 1055 1052 1050 1037
363  367  377  340  421  346  381  380  377  363  358  401  375  371  363  441  406  473  454  463  435  485  466  434  442  434  465  458  478  450  816  822  845  838  820  819  789  821  808  812  835  821  800  847  807  41   18   25   40   25   17   43   26   51   0    18   17   27   20   51   1017 1019 990  1038 1040 1034 1040 1014 1043 1036 1032 1043 1039 1038 1026
380  384  395  358  438  363  398  397  395  380  375  418  393  388  380  454  419  486  467  477  447  499  480  448  454  447  478  472  492  463  835  841  864  856  839  838  808  840  827  830  854  840  818  866  826  35   5    20   41   18   33   25   38   43   18   0    30   22   12   54   1035 1036 1008 1055 1057 1052 1058 1032 1060 1053 1050 1060 1057 1056 1043
365  369  379  341  423  350  383  382  378  363  360  404  377  373  364  448  415  482  462  470  443  494  473  442  451  442  473  466  486  458  811  816  839  831  815  813  784  816  803  805  829  814  794  841  801  32   26   42   26   42   30   51   40   68   17   30   0    22   22   35   1017 1020 992  1039 1040 1035 1041 1016 1044 1037 1033 1044 1040 1039 1027
387  391  401  363  445  371  405  404  400  386  382  425  399  395  386  467  433  500  481  489  462  512  492  461  469  460  492  485  505  477  833  838  861  853  837  835  806  838  825  827  852  836  816  863  824  14   16   42   20   40   44   34   53   65   27   22   22   0    9    33   1040 1042 1014 1061 1063 1057 1063 1038 1066 1059 1055 1066 1062 1061 1049
383  387  397  359  441  366  401  399  396  382  378  421  395  391  383  461  426  493  474  483  455  506  486  454  462  454  485  478  498  470  833  838  861  853  837  835  805  837  825  827  851  837  816  863  823  23   7    32   29   30   37   29   45   56   20   12   22   9    0    42   1036 1038 1010 1057 1059 1054 1060 1034 1062 1055 1052 1062 1059 1058 1045
387  392  400  362  445  374  405  405  399  384  384  427  399  397  386  479  446  512  493  499  475  524  502  473  483  473  504  497  516  489  820  823  847  839  824  821  792  823  812  812  837  821  802  848  809  25   49   73   13   72   65   65   75   98   51   54   35   33   42   0    1036 1041 1013 1059 1060 1056 1061 1037 1064 1057 1053 1064 1059 1059 1047
654  651  639  677  597  676  636  639  640  654  661  620  641  649  654  644  681  631  640  613  665  618  611  649  668  658  637  633  611  646  351  383  368  388  359  384  381  378  355  397  371  401  380  380  388  1048 1035 1025 1037 1028 1002 1059 998  1030 1017 1035 1017 1040 1036 1036 0    65   68   41   28   47   41   72   41   45   24   41   26   43   41  
655  652  641  679  597  674  637  639  642  656  661  619  643  648  655  628  666  612  623  597  648  599  595  633  650  642  618  615  593  629  401  435  422  442  410  436  429  430  404  448  424  454  430  434  439  1052 1037 1025 1041 1028 1003 1060 998  1029 1019 1036 1020 1042 1038 1041 65   0    28   36   54   27   39   8    42   30   48   42   56   34   26  
627  623  613  651  569  646  609  611  614  628  632  590  615  620  627  601  639  585  596  570  621  572  568  606  623  615  592  589  566  602  382  417  405  425  392  418  410  412  385  430  406  436  411  418  420  1024 1009 997  1013 1000 975  1031 970  1001 990  1008 992  1014 1010 1013 68   28   0    55   69   48   58   25   61   51   61   61   70   54   42  
674  671  660  697  617  694  656  659  660  675  680  639  662  668  674  654  692  639  650  623  674  626  621  660  677  668  646  642  620  655  391  423  409  429  400  425  421  419  395  437  411  442  420  421  429  1070 1056 1045 1059 1048 1022 1079 1018 1049 1038 1055 1039 1061 1057 1059 41   36   55   0    19   9    3    44   6    6    17   6    22   2    13  
677  674  662  699  619  697  659  661  662  677  683  642  664  671  677  661  699  647  657  630  682  634  628  667  685  676  653  650  628  663  378  410  395  415  387  412  409  405  382  424  398  428  408  406  416  1072 1058 1047 1060 1050 1024 1081 1020 1052 1040 1057 1040 1063 1059 1060 28   54   69   19   0    28   17   62   16   25   8    16   2    22   28  
671  667  656  694  613  690  653  655  657  671  677  635  658  664  671  649  686  633  644  618  669  620  616  654  671  663  640  636  614  650  394  427  413  433  403  429  424  423  398  441  416  446  424  425  432  1067 1052 1041 1056 1044 1019 1075 1014 1045 1034 1052 1035 1057 1054 1056 47   27   48   9    28   0    12   35   15   3    24   15   31   7    9   
677  674  662  700  619  697  659  661  663  677  683  642  664  670  677  657  695  642  653  626  677  629  624  663  680  671  649  645  623  658  391  424  409  429  400  425  421  419  395  438  412  442  421  421  429  1073 1059 1047 1061 1050 1025 1082 1021 1052 1040 1058 1041 1063 1060 1061 41   39   58   3    17   12   0    47   3    9    16   3    20   5    16  
651  647  637  675  593  669  633  634  638  652  656  614  639  643  651  622  660  605  617  591  642  592  589  628  643  636  612  609  587  622  403  437  424  444  413  438  431  432  406  450  426  456  432  437  441  1048 1033 1020 1037 1023 999  1055 994  1024 1014 1032 1016 1038 1034 1037 72   8    25   44   62   35   47   0    50   38   56   50   64   42   34  
680  676  665  702  622  700  662  664  665  680  686  644  667  673  680  660  698  645  656  629  680  632  627  665  683  674  652  648  626  661  392  424  409  429  400  425  422  419  396  438  412  442  421  421  429  1075 1061 1050 1064 1053 1027 1084 1023 1055 1043 1060 1044 1066 1062 1064 41   42   61   6    16   15   3    50   0    12   16   0    19   8    19  
672  669  658  696  615  692  654  657  659  673  678  637  660  666  672  651  688  636  646  620  671  623  618  656  673  665  642  639  616  652  394  427  412  432  403  428  424  422  398  441  415  445  423  424  432  1068 1054 1043 1057 1046 1020 1077 1016 1047 1036 1053 1037 1059 1055 1057 45   30   51   6    25   3    9    38   12   0    22   12   28   4    10  
669  666  655  692  612  690  651  654  655  669  676  634  657  663  669  653  691  639  649  622  674  626  620  659  677  668  645  642  620  655  375  407  392  413  384  409  405  403  379  422  395  426  405  404  413  1064 1051 1040 1053 1043 1017 1074 1013 1045 1032 1050 1033 1055 1052 1053 24   48   61   17   8    24   16   56   16   22   0    16   9    20   22  
680  676  665  702  622  700  662  664  665  680  686  644  667  673  680  660  698  645  656  629  680  632  627  665  683  674  652  648  626  661  392  424  409  429  400  425  422  419  396  438  412  442  421  421  429  1075 1061 1050 1064 1053 1027 1084 1023 1055 1043 1060 1044 1066 1062 1064 41   42   61   6    16   15   3    50   0    12   16   0    19   8    19  
676  673  662  699  619  697  658  661  662  676  683  642  664  670  676  662  699  648  658  631  682  635  629  667  685  676  654  650  628  663  376  408  392  413  384  409  406  403  380  422  395  426  406  404  413  1071 1058 1047 1060 1050 1024 1081 1020 1052 1039 1057 1040 1062 1059 1059 26   56   70   22   2    31   20   64   19   28   9    19   0    25   30  
675  672  660  698  617  694  657  659  661  675  681  639  662  668  675  654  692  639  649  623  674  626  621  659  677  668  645  642  620  655  393  426  411  431  402  427  423  421  397  440  414  444  423  423  431  1071 1057 1045 1060 1048 1023 1080 1018 1050 1038 1056 1039 1061 1058 1059 43   34   54   2    22   7    5    42   8    4    20   8    25   0    12  
662  659  648  685  605  682  644  646  648  663  668  627  650  656  662  641  679  626  637  610  661  613  608  647  664  655  633  629  607  642  386  419  405  425  395  421  415  414  390  433  407  438  415  417  424  1058 1044 1033 1047 1036 1010 1067 1006 1037 1026 1043 1027 1049 1045 1047 41   26   42   13   28   9    16   34   19   10   22   19   30   12   0   
0          35872
28960      29194
6516       6616
14785      15141
7724       7753
33140      33462
11484      11602
11073      11239
21701      21819
999        1155
27555      27856
35265      35391
14908      15086
17825      18048
9373       9610
15938      16232
29988      30390
11232      11427
11229      11445
16936      17047
30003      30360
21816      21923
33467      33587
12557      12884
4294       4607
33376      33730
12571      12752
22852      23026
33127      33233
6193       6442
17285      17539
5617       5841
19057      19154
24883      25065
26506      26672
32020      32264
9742       10064
402        611
15252      15470
11956      12235
8165       8314
1429       1677
29439      29722
34833      34938
3699       4068
25798      26007
23285      23589
30484      30727
19942      20157
8894       9161
4878       4974
10563      10936
19854      19944
33784      34007
25685      25865
10613      10943
16450      16605
13086      13366
2231       2552
22415      22630
32473      32726
3168       3419
24295      24713
14208      14360
28408      28578
24291      24493
20952      21146
6973       7205
27046      27076
18555      18699
28362      28576
32482      32576
3408       3610
31597      31758
18535      18789
